1 A 0 0
2 A 1 0
3 A 2 0
4 A 3 0
5 B 0 0
12 A 3 1
13 B 1 0
21 B 2 0
26 A 1 3
29 B 3 0
37 B 4 0
38 B 4 1
44 A 3 5
45 B 5 0
47 B 5 2
51 A 2 6
53 B 6 0
56 B 6 3
61 B 7 0
65 A 0 8
67 A 2 8
69 B 8 0
76 A 3 9
77 B 9 0
85 B 10 0
90 A 1 11
93 B 11 0
99 A 2 12
101 B 12 0
102 B 12 1
109 B 13 0
111 B 13 2
113 A 0 14
115 A 2 14
117 B 14 0
120 B 14 3
122 A 1 15
125 B 15 0
129 A 0 16
133 B 16 0
140 A 3 17
141 B 17 0
149 B 18 0
154 A 1 19
157 B 19 0
165 B 20 0
166 B 20 1
173 B 21 0
175 B 21 2
179 A 2 22
180 A 3 22
181 B 22 0
184 B 22 3
189 B 23 0
193 A 0 24
197 B 24 0
203 A 2 25
204 A 3 25
205 B 25 0
213 B 26 0
218 A 1 27
221 B 27 0
226 A 1 28
229 B 28 0
230 B 28 1
235 A 2 29
237 B 29 0
239 B 29 2
243 A 2 30
245 B 30 0
248 B 30 3
249 A 0 31
253 B 31 0
257 A 0 32
261 B 32 0
268 A 3 33
269 B 33 0
277 B 34 0
282 A 1 35
285 B 35 0
293 B 36 0
294 B 36 1
297 C 0 0
299 C 0 2
301 C 1 0
304 C 1 3
305 C 2 0
309 C 3 0
313 A 0 0
317 B 0 4
318 B 0 5
321 A 0 1
324 A 3 1
325 B 1 4
327 B 1 6
330 A 1 2
333 B 2 4
336 B 2 7
338 A 1 3
341 B 3 4
349 B 4 4
357 B 5 4
363 A 2 6
365 B 6 4
373 B 7 4
377 A 0 8
381 B 8 4
382 B 8 5
388 A 3 9
389 B 9 4
391 B 9 6
397 B 10 4
400 B 10 7
402 A 1 11
405 B 11 4
411 A 2 12
413 B 12 4
421 B 13 4
427 A 2 14
429 B 14 4
434 A 1 15
437 B 15 4
441 A 0 16
445 B 16 4
446 B 16 5
452 A 3 17
453 B 17 4
455 B 17 6
457 A 0 18
461 B 18 4
464 B 18 7
466 A 1 19
469 B 19 4
477 B 20 4
485 B 21 4
493 B 22 4
501 B 23 4
505 A 0 24
509 B 24 4
510 B 24 5
515 A 2 25
516 A 3 25
517 B 25 4
519 B 25 6
524 A 3 26
525 B 26 4
528 B 26 7
530 A 1 27
533 B 27 4
538 A 1 28
541 B 28 4
547 A 2 29
549 B 29 4
555 A 2 30
557 B 30 4
565 B 31 4
569 A 0 32
570 A 1 32
573 B 32 4
574 B 32 5
580 A 3 33
581 B 33 4
583 B 33 6
589 B 34 4
592 B 34 7
593 A 0 35
594 A 1 35
597 B 35 4
605 B 36 4
609 C 0 4
613 C 1 4
617 C 2 4
621 C 3 4
622 C 3 5
625 A 0 0
629 B 0 8
633 A 0 1
636 A 3 1
637 B 1 8
642 A 1 2
645 B 2 8
650 A 1 3
653 B 3 8
661 B 4 8
662 B 4 9
665 A 0 5
669 B 5 8
671 B 5 10
675 A 2 6
677 B 6 8
680 B 6 11
685 B 7 8
689 A 0 8
693 B 8 8
700 A 3 9
701 B 9 8
709 B 10 8
714 A 1 11
717 B 11 8
725 B 12 8
726 B 12 9
732 A 3 13
733 B 13 8
735 B 13 10
739 A 2 14
741 B 14 8
744 B 14 11
746 A 1 15
749 B 15 8
753 A 0 16
757 B 16 8
764 A 3 17
765 B 17 8
769 A 0 18
773 B 18 8
778 A 1 19
781 B 19 8
789 B 20 8
790 B 20 9
797 B 21 8
799 B 21 10
801 A 0 22
803 A 2 22
805 B 22 8
808 B 22 11
813 B 23 8
817 A 0 24
821 B 24 8
828 A 3 25
829 B 25 8
836 A 3 26
837 B 26 8
842 A 1 27
845 B 27 8
853 B 28 8
854 B 28 9
859 A 2 29
861 B 29 8
863 B 29 10
867 A 2 30
868 A 3 30
869 B 30 8
872 B 30 11
877 B 31 8
881 A 0 32
882 A 1 32
885 B 32 8
892 A 3 33
893 B 33 8
901 B 34 8
905 A 0 35
906 A 1 35
909 B 35 8
917 B 36 8
918 B 36 9
921 C 0 8
923 C 0 10
925 C 1 8
928 C 1 11
929 C 2 8
933 C 3 8
937 A 0 0
938 A 1 0
941 B 0 12
942 B 0 13
945 A 0 1
948 A 3 1
949 B 1 12
951 B 1 14
954 A 1 2
957 B 2 12
960 B 2 15
962 A 1 3
963 A 2 3
965 B 3 12
973 B 4 12
977 A 0 5
981 B 5 12
987 A 2 6
989 B 6 12
997 B 7 12
1001 A 0 8
1005 B 8 12
1006 B 8 13
1012 A 3 9
1013 B 9 12
1015 B 9 14
1021 B 10 12
1024 B 10 15
1026 A 1 11
1029 B 11 12
1037 B 12 12
1044 A 3 13
1045 B 13 12
1051 A 2 14
1053 B 14 12
1061 B 15 12
1065 A 0 16
1067 A 2 16
1069 B 16 12
1070 B 16 13
1076 A 3 17
1077 B 17 12
1079 B 17 14
1081 A 0 18
1085 B 18 12
1088 B 18 15
1090 A 1 19
1093 B 19 12
1101 B 20 12
1109 B 21 12
1113 A 0 22
1115 A 2 22
1117 B 22 12
1125 B 23 12
1129 A 0 24
1133 B 24 12
1134 B 24 13
1140 A 3 25
1141 B 25 12
1143 B 25 14
1148 A 3 26
1149 B 26 12
1152 B 26 15
1154 A 1 27
1157 B 27 12
1165 B 28 12
1173 B 29 12
1179 A 2 30
1180 A 3 30
1181 B 30 12
1189 B 31 12
1193 A 0 32
1197 B 32 12
1198 B 32 13
1203 A 2 33
1204 A 3 33
1205 B 33 12
1207 B 33 14
1213 B 34 12
1216 B 34 15
1217 A 0 35
1218 A 1 35
1221 B 35 12
1229 B 36 12
1233 C 0 12
1237 C 1 12
1241 C 2 12
1245 C 3 12
1246 C 3 13
1249 A 0 0
1250 A 1 0
1253 B 0 16
1260 A 3 1
1261 B 1 16
1269 B 2 16
1274 A 1 3
1275 A 2 3
1277 B 3 16
1285 B 4 16
1286 B 4 17
1289 A 0 5
1293 B 5 16
1295 B 5 18
1298 A 1 6
1299 A 2 6
1301 B 6 16
1304 B 6 19
1309 B 7 16
1313 A 0 8
1317 B 8 16
1324 A 3 9
1325 B 9 16
1333 B 10 16
1338 A 1 11
1341 B 11 16
1349 B 12 16
1350 B 12 17
1356 A 3 13
1357 B 13 16
1359 B 13 18
1363 A 2 14
1365 B 14 16
1368 B 14 19
1373 B 15 16
1377 A 0 16
1379 A 2 16
1381 B 16 16
1388 A 3 17
1389 B 17 16
1397 B 18 16
1402 A 1 19
1405 B 19 16
1411 A 2 20
1413 B 20 16
1414 B 20 17
1421 B 21 16
1423 B 21 18
1425 A 0 22
1427 A 2 22
1429 B 22 16
1432 B 22 19
1434 A 1 23
1437 B 23 16
1441 A 0 24
1445 B 24 16
1452 A 3 25
1453 B 25 16
1461 B 26 16
1466 A 1 27
1469 B 27 16
1477 B 28 16
1478 B 28 17
1485 B 29 16
1487 B 29 18
1491 A 2 30
1492 A 3 30
1493 B 30 16
1496 B 30 19
1501 B 31 16
1505 A 0 32
1509 B 32 16
1515 A 2 33
1516 A 3 33
1517 B 33 16
1525 B 34 16
1530 A 1 35
1533 B 35 16
1538 A 1 36
1541 B 36 16
1542 B 36 17
1545 C 0 16
1547 C 0 18
1549 C 1 16
1552 C 1 19
1553 C 2 16
1557 C 3 16
1561 A 0 0
1562 A 1 0
1564 A 3 0
1565 B 0 20
1566 B 0 21
1572 A 3 1
1573 B 1 20
1575 B 1 22
1581 B 2 20
1584 B 2 23
1586 A 1 3
1587 A 2 3
1589 B 3 20
1597 B 4 20
1605 B 5 20
1610 A 1 6
1611 A 2 6
1613 B 6 20
1621 B 7 20
1625 A 0 8
1629 B 8 20
1630 B 8 21
1633 A 0 9
1636 A 3 9
1637 B 9 20
1639 B 9 22
1642 A 1 10
1645 B 10 20
1648 B 10 23
1650 A 1 11
1653 B 11 20
1661 B 12 20
1669 B 13 20
1677 B 14 20
1685 B 15 20
1689 A 0 16
1693 B 16 20
1694 B 16 21
1700 A 3 17
1701 B 17 20
1703 B 17 22
1709 B 18 20
1712 B 18 23
1714 A 1 19
1717 B 19 20
1723 A 2 20
1725 B 20 20
1733 B 21 20
1739 A 2 22
1741 B 22 20
1746 A 1 23
1749 B 23 20
1753 A 0 24
1757 B 24 20
1758 B 24 21
1764 A 3 25
1765 B 25 20
1767 B 25 22
1769 A 0 26
1773 B 26 20
1776 B 26 23
1778 A 1 27
1781 B 27 20
1789 B 28 20
1797 B 29 20
1803 A 2 30
1805 B 30 20
1813 B 31 20
1817 A 0 32
1821 B 32 20
1822 B 32 21
1827 A 2 33
1828 A 3 33
1829 B 33 20
1831 B 33 22
1836 A 3 34
1837 B 34 20
1840 B 34 23
1842 A 1 35
1845 B 35 20
1850 A 1 36
1853 B 36 20
1857 C 0 20
1861 C 1 20
1865 C 2 20
1869 C 3 20
1870 C 3 21
1873 A 0 0
1875 A 2 0
1876 A 3 0
1877 B 0 24
1884 A 3 1
1885 B 1 24
1893 B 2 24
1898 A 1 3
1901 B 3 24
1908 A 3 4
1909 B 4 24
1910 B 4 25
1917 B 5 24
1919 B 5 26
1922 A 1 6
1923 A 2 6
1925 B 6 24
1928 B 6 27
1931 A 2 7
1933 B 7 24
1937 A 0 8
1941 B 8 24
1945 A 0 9
1948 A 3 9
1949 B 9 24
1954 A 1 10
1957 B 10 24
1962 A 1 11
1965 B 11 24
1973 B 12 24
1974 B 12 25
1977 A 0 13
1981 B 13 24
1983 B 13 26
1987 A 2 14
1989 B 14 24
1992 B 14 27
1997 B 15 24
2001 A 0 16
2005 B 16 24
2012 A 3 17
2013 B 17 24
2021 B 18 24
2026 A 1 19
2029 B 19 24
2037 B 20 24
2038 B 20 25
2044 A 3 21
2045 B 21 24
2047 B 21 26
2051 A 2 22
2053 B 22 24
2056 B 22 27
2058 A 1 23
2061 B 23 24
2065 A 0 24
2069 B 24 24
2076 A 3 25
2077 B 25 24
2081 A 0 26
2085 B 26 24
2090 A 1 27
2093 B 27 24
2101 B 28 24
2102 B 28 25
2109 B 29 24
2111 B 29 26
2113 A 0 30
2115 A 2 30
2117 B 30 24
2120 B 30 27
2125 B 31 24
2129 A 0 32
2133 B 32 24
2140 A 3 33
2141 B 33 24
2148 A 3 34
2149 B 34 24
2154 A 1 35
2157 B 35 24
2165 B 36 24
2166 B 36 25
2169 C 0 24
2171 C 0 26
2173 C 1 24
2176 C 1 27
2177 C 2 24
2181 C 3 24
2185 A 4 0
2186 A 5 0
2187 A 6 0
2188 A 7 0
2189 B 0 0
2197 B 1 0
2203 A 6 2
2205 B 2 0
2210 A 5 3
2213 B 3 0
2217 A 4 4
2221 B 4 0
2222 B 4 1
2228 A 7 5
2229 B 5 0
2231 B 5 2
2233 A 4 6
2237 B 6 0
2240 B 6 3
2242 A 5 7
2245 B 7 0
2253 B 8 0
2261 B 9 0
2267 A 6 10
2269 B 10 0
2277 B 11 0
2281 A 4 12
2285 B 12 0
2286 B 12 1
2291 A 6 13
2292 A 7 13
2293 B 13 0
2295 B 13 2
2300 A 7 14
2301 B 14 0
2304 B 14 3
2306 A 5 15
2309 B 15 0
2314 A 5 16
2317 B 16 0
2323 A 6 17
2325 B 17 0
2331 A 6 18
2333 B 18 0
2341 B 19 0
2345 A 4 20
2346 A 5 20
2349 B 20 0
2350 B 20 1
2356 A 7 21
2357 B 21 0
2359 B 21 2
2365 B 22 0
2368 B 22 3
2369 A 4 23
2370 A 5 23
2373 B 23 0
2381 B 24 0
2389 B 25 0
2395 A 6 26
2397 B 26 0
2405 B 27 0
2409 A 4 28
2413 B 28 0
2414 B 28 1
2420 A 7 29
2421 B 29 0
2423 B 29 2
2427 A 6 30
2429 B 30 0
2432 B 30 3
2434 A 5 31
2436 A 7 31
2437 B 31 0
2445 B 32 0
2450 A 5 33
2453 B 33 0
2459 A 6 34
2461 B 34 0
2469 B 35 0
2473 A 4 36
2477 B 36 0
2478 B 36 1
2481 C 4 0
2485 C 5 0
2489 C 6 0
2493 C 7 0
2494 C 7 1
2497 A 4 0
2499 A 6 0
2501 B 0 4
2502 B 0 5
2508 A 7 1
2509 B 1 4
2511 B 1 6
2515 A 6 2
2517 B 2 4
2520 B 2 7
2522 A 5 3
2525 B 3 4
2529 A 4 4
2533 B 4 4
2540 A 7 5
2541 B 5 4
2545 A 4 6
2549 B 6 4
2554 A 5 7
2557 B 7 4
2565 B 8 4
2566 B 8 5
2573 B 9 4
2575 B 9 6
2577 A 4 10
2579 A 6 10
2581 B 10 4
2584 B 10 7
2589 B 11 4
2593 A 4 12
2597 B 12 4
2604 A 7 13
2605 B 13 4
2612 A 7 14
2613 B 14 4
2618 A 5 15
2621 B 15 4
2629 B 16 4
2630 B 16 5
2635 A 6 17
2637 B 17 4
2639 B 17 6
2643 A 6 18
2644 A 7 18
2645 B 18 4
2648 B 18 7
2653 B 19 4
2657 A 4 20
2658 A 5 20
2661 B 20 4
2668 A 7 21
2669 B 21 4
2677 B 22 4
2681 A 4 23
2682 A 5 23
2685 B 23 4
2693 B 24 4
2694 B 24 5
2701 B 25 4
2703 B 25 6
2707 A 6 26
2709 B 26 4
2712 B 26 7
2713 A 4 27
2717 B 27 4
2721 A 4 28
2725 B 28 4
2732 A 7 29
2733 B 29 4
2741 B 30 4
2746 A 5 31
2748 A 7 31
2749 B 31 4
2757 B 32 4
2758 B 32 5
2762 A 5 33
2765 B 33 4
2767 B 33 6
2771 A 6 34
2773 B 34 4
2776 B 34 7
2780 A 7 35
2781 B 35 4
2785 A 4 36
2789 B 36 4
2793 C 4 4
2795 C 4 6
2797 C 5 4
2800 C 5 7
2801 C 6 4
2805 C 7 4
2809 A 4 0
2811 A 6 0
2813 B 0 8
2820 A 7 1
2821 B 1 8
2827 A 6 2
2829 B 2 8
2837 B 3 8
2841 A 4 4
2843 A 6 4
2845 B 4 8
2846 B 4 9
2852 A 7 5
2853 B 5 8
2855 B 5 10
2857 A 4 6
2861 B 6 8
2864 B 6 11
2866 A 5 7
2869 B 7 8
2877 B 8 8
2885 B 9 8
2889 A 4 10
2891 A 6 10
2893 B 10 8
2901 B 11 8
2905 A 4 12
2909 B 12 8
2910 B 12 9
2916 A 7 13
2917 B 13 8
2919 B 13 10
2924 A 7 14
2925 B 14 8
2928 B 14 11
2930 A 5 15
2933 B 15 8
2941 B 16 8
2949 B 17 8
2955 A 6 18
2956 A 7 18
2957 B 18 8
2965 B 19 8
2973 B 20 8
2974 B 20 9
2979 A 6 21
2980 A 7 21
2981 B 21 8
2983 B 21 10
2989 B 22 8
2992 B 22 11
2993 A 4 23
2994 A 5 23
2997 B 23 8
3005 B 24 8
3013 B 25 8
3019 A 6 26
3021 B 26 8
3025 A 4 27
3029 B 27 8
3033 A 4 28
3037 B 28 8
3038 B 28 9
3044 A 7 29
3045 B 29 8
3047 B 29 10
3053 B 30 8
3056 B 30 11
3058 A 5 31
3060 A 7 31
3061 B 31 8
3069 B 32 8
3077 B 33 8
3083 A 6 34
3085 B 34 8
3092 A 7 35
3093 B 35 8
3097 A 4 36
3101 B 36 8
3102 B 36 9
3105 C 4 8
3109 C 5 8
3113 C 6 8
3117 C 7 8
3118 C 7 9
3121 A 4 0
3122 A 5 0
3123 A 6 0
3125 B 0 12
3126 B 0 13
3132 A 7 1
3133 B 1 12
3135 B 1 14
3139 A 6 2
3141 B 2 12
3144 B 2 15
3149 B 3 12
3153 A 4 4
3155 A 6 4
3157 B 4 12
3164 A 7 5
3165 B 5 12
3173 B 6 12
3178 A 5 7
3181 B 7 12
3187 A 6 8
3189 B 8 12
3190 B 8 13
3197 B 9 12
3199 B 9 14
3201 A 4 10
3203 A 6 10
3205 B 10 12
3208 B 10 15
3210 A 5 11
3213 B 11 12
3217 A 4 12
3221 B 12 12
3228 A 7 13
3229 B 13 12
3237 B 14 12
3242 A 5 15
3245 B 15 12
3253 B 16 12
3254 B 16 13
3261 B 17 12
3263 B 17 14
3267 A 6 18
3268 A 7 18
3269 B 18 12
3272 B 18 15
3277 B 19 12
3281 A 4 20
3285 B 20 12
3291 A 6 21
3292 A 7 21
3293 B 21 12
3301 B 22 12
3306 A 5 23
3309 B 23 12
3314 A 5 24
3317 B 24 12
3318 B 24 13
3323 A 6 25
3325 B 25 12
3327 B 25 14
3331 A 6 26
3333 B 26 12
3336 B 26 15
3337 A 4 27
3341 B 27 12
3345 A 4 28
3349 B 28 12
3356 A 7 29
3357 B 29 12
3365 B 30 12
3370 A 5 31
3373 B 31 12
3381 B 32 12
3382 B 32 13
3389 B 33 12
3391 B 33 14
3395 A 6 34
3397 B 34 12
3400 B 34 15
3404 A 7 35
3405 B 35 12
3409 A 4 36
3413 B 36 12
3417 C 4 12
3419 C 4 14
3421 C 5 12
3424 C 5 15
3425 C 6 12
3429 C 7 12
3433 A 4 0
3434 A 5 0
3435 A 6 0
3436 A 7 0
3437 B 0 16
3445 B 1 16
3451 A 6 2
3453 B 2 16
3461 B 3 16
3465 A 4 4
3469 B 4 16
3470 B 4 17
3476 A 7 5
3477 B 5 16
3479 B 5 18
3485 B 6 16
3488 B 6 19
3490 A 5 7
3493 B 7 16
3499 A 6 8
3501 B 8 16
3509 B 9 16
3515 A 6 10
3517 B 10 16
3522 A 5 11
3525 B 11 16
3529 A 4 12
3533 B 12 16
3534 B 12 17
3540 A 7 13
3541 B 13 16
3543 B 13 18
3545 A 4 14
3549 B 14 16
3552 B 14 19
3554 A 5 15
3557 B 15 16
3565 B 16 16
3573 B 17 16
3581 B 18 16
3589 B 19 16
3593 A 4 20
3597 B 20 16
3598 B 20 17
3603 A 6 21
3604 A 7 21
3605 B 21 16
3607 B 21 18
3612 A 7 22
3613 B 22 16
3616 B 22 19
3621 B 23 16
3626 A 5 24
3629 B 24 16
3635 A 6 25
3637 B 25 16
3643 A 6 26
3645 B 26 16
3653 B 27 16
3657 A 4 28
3658 A 5 28
3661 B 28 16
3662 B 28 17
3668 A 7 29
3669 B 29 16
3671 B 29 18
3677 B 30 16
3680 B 30 19
3681 A 4 31
3682 A 5 31
3685 B 31 16
3693 B 32 16
3701 B 33 16
3707 A 6 34
3709 B 34 16
3717 B 35 16
3721 A 4 36
3725 B 36 16
3726 B 36 17
3729 C 4 16
3733 C 5 16
3737 C 6 16
3741 C 7 16
3742 C 7 17
3745 A 4 0
3747 A 6 0
3748 A 7 0
3749 B 0 20
3750 B 0 21
3753 A 4 1
3757 B 1 20
3759 B 1 22
3763 A 6 2
3765 B 2 20
3768 B 2 23
3773 B 3 20
3777 A 4 4
3781 B 4 20
3788 A 7 5
3789 B 5 20
3797 B 6 20
3802 A 5 7
3805 B 7 20
3813 B 8 20
3814 B 8 21
3820 A 7 9
3821 B 9 20
3823 B 9 22
3827 A 6 10
3829 B 10 20
3832 B 10 23
3834 A 5 11
3837 B 11 20
3841 A 4 12
3845 B 12 20
3852 A 7 13
3853 B 13 20
3857 A 4 14
3861 B 14 20
3866 A 5 15
3869 B 15 20
3877 B 16 20
3878 B 16 21
3885 B 17 20
3887 B 17 22
3889 A 4 18
3891 A 6 18
3893 B 18 20
3896 B 18 23
3901 B 19 20
3905 A 4 20
3909 B 20 20
3916 A 7 21
3917 B 21 20
3924 A 7 22
3925 B 22 20
3930 A 5 23
3933 B 23 20
3941 B 24 20
3942 B 24 21
3947 A 6 25
3949 B 25 20
3951 B 25 22
3955 A 6 26
3956 A 7 26
3957 B 26 20
3960 B 26 23
3965 B 27 20
3969 A 4 28
3970 A 5 28
3973 B 28 20
3980 A 7 29
3981 B 29 20
3989 B 30 20
3993 A 4 31
3994 A 5 31
3997 B 31 20
4005 B 32 20
4006 B 32 21
4013 B 33 20
4015 B 33 22
4019 A 6 34
4021 B 34 20
4024 B 34 23
4025 A 4 35
4029 B 35 20
4033 A 4 36
4037 B 36 20
4041 C 4 20
4043 C 4 22
4045 C 5 20
4048 C 5 23
4049 C 6 20
4053 C 7 20
4057 A 4 0
4060 A 7 0
4061 B 0 24
4065 A 4 1
4069 B 1 24
4075 A 6 2
4077 B 2 24
4085 B 3 24
4089 A 4 4
4093 B 4 24
4094 B 4 25
4100 A 7 5
4101 B 5 24
4103 B 5 26
4109 B 6 24
4112 B 6 27
4114 A 5 7
4117 B 7 24
4125 B 8 24
4132 A 7 9
4133 B 9 24
4139 A 6 10
4141 B 10 24
4149 B 11 24
4153 A 4 12
4155 A 6 12
4157 B 12 24
4158 B 12 25
4164 A 7 13
4165 B 13 24
4167 B 13 26
4169 A 4 14
4173 B 14 24
4176 B 14 27
4178 A 5 15
4181 B 15 24
4189 B 16 24
4197 B 17 24
4201 A 4 18
4203 A 6 18
4205 B 18 24
4213 B 19 24
4217 A 4 20
4221 B 20 24
4222 B 20 25
4228 A 7 21
4229 B 21 24
4231 B 21 26
4236 A 7 22
4237 B 22 24
4240 B 22 27
4242 A 5 23
4245 B 23 24
4253 B 24 24
4261 B 25 24
4267 A 6 26
4268 A 7 26
4269 B 26 24
4277 B 27 24
4281 A 4 28
4285 B 28 24
4286 B 28 25
4291 A 6 29
4292 A 7 29
4293 B 29 24
4295 B 29 26
4301 B 30 24
4304 B 30 27
4305 A 4 31
4306 A 5 31
4309 B 31 24
4317 B 32 24
4325 B 33 24
4331 A 6 34
4333 B 34 24
4337 A 4 35
4341 B 35 24
4345 A 4 36
4349 B 36 24
4350 B 36 25
4353 C 4 24
4357 C 5 24
4361 C 6 24
4365 C 7 24
4366 C 7 25
4369 A 8 0
4370 A 9 0
4371 A 10 0
4372 A 11 0
4373 B 0 0
4380 A 11 1
4381 B 1 0
4388 A 11 2
4389 B 2 0
4394 A 9 3
4397 B 3 0
4405 B 4 0
4406 B 4 1
4411 A 10 5
4413 B 5 0
4415 B 5 2
4419 A 10 6
4420 A 11 6
4421 B 6 0
4424 B 6 3
4429 B 7 0
4433 A 8 8
4434 A 9 8
4437 B 8 0
4444 A 11 9
4445 B 9 0
4453 B 10 0
4457 A 8 11
4458 A 9 11
4461 B 11 0
4469 B 12 0
4470 B 12 1
4477 B 13 0
4479 B 13 2
4483 A 10 14
4485 B 14 0
4488 B 14 3
4489 A 8 15
4493 B 15 0
4497 A 8 16
4501 B 16 0
4508 A 11 17
4509 B 17 0
4517 B 18 0
4522 A 9 19
4524 A 11 19
4525 B 19 0
4533 B 20 0
4534 B 20 1
4538 A 9 21
4541 B 21 0
4543 B 21 2
4547 A 10 22
4549 B 22 0
4552 B 22 3
4556 A 11 23
4561 A 8 24
4565 B 24 0
4570 A 9 25
4572 A 11 25
4573 B 25 0
4581 B 26 0
4586 A 9 27
4589 B 27 0
4593 A 8 28
4597 B 28 0
4598 B 28 1
4605 B 29 0
4607 B 29 2
4611 A 10 30
4613 B 30 0
4616 B 30 3
4621 B 31 0
4625 A 8 32
4629 B 32 0
4636 A 11 33
4637 B 33 0
4645 B 34 0
4650 A 9 35
4653 B 35 0
4660 A 11 36
4661 B 36 0
4662 B 36 1
4665 C 8 0
4667 C 8 2
4669 C 9 0
4672 C 9 3
4673 C 10 0
4677 C 11 0
4681 A 8 0
4682 A 9 0
4683 A 10 0
4684 A 11 0
4685 B 0 4
4686 B 0 5
4692 A 11 1
4693 B 1 4
4695 B 1 6
4700 A 11 2
4701 B 2 4
4704 B 2 7
4706 A 9 3
4709 B 3 4
4717 B 4 4
4725 B 5 4
4731 A 10 6
4732 A 11 6
4733 B 6 4
4741 B 7 4
4745 A 8 8
4749 B 8 4
4750 B 8 5
4755 A 10 9
4756 A 11 9
4757 B 9 4
4759 B 9 6
4765 B 10 4
4768 B 10 7
4769 A 8 11
4770 A 9 11
4773 B 11 4
4781 B 12 4
4789 B 13 4
4795 A 10 14
4797 B 14 4
4801 A 8 15
4805 B 15 4
4809 A 8 16
4813 B 16 4
4814 B 16 5
4820 A 11 17
4821 B 17 4
4823 B 17 6
4829 B 18 4
4832 B 18 7
4834 A 9 19
4836 A 11 19
4837 B 19 4
4845 B 20 4
4853 B 21 4
4859 A 10 22
4861 B 22 4
4868 A 11 23
4869 B 23 4
4873 A 8 24
4877 B 24 4
4878 B 24 5
4882 A 9 25
4884 A 11 25
4885 B 25 4
4887 B 25 6
4891 A 10 26
4893 B 26 4
4896 B 26 7
4898 A 9 27
4901 B 27 4
4905 A 8 28
4909 B 28 4
4917 B 29 4
4923 A 10 30
4925 B 30 4
4933 B 31 4
4937 A 8 32
4941 B 32 4
4942 B 32 5
4948 A 11 33
4949 B 33 4
4951 B 33 6
4957 B 34 4
4960 B 34 7
4962 A 9 35
4965 B 35 4
4972 A 11 36
4973 B 36 4
4977 C 8 4
4981 C 9 4
4985 C 10 4
4989 C 11 4
4990 C 11 5
4993 A 8 0
4994 A 9 0
4995 A 10 0
4996 A 11 0
4997 B 0 8
5004 A 11 1
5005 B 1 8
5013 B 2 8
5018 A 9 3
5021 B 3 8
5029 B 4 8
5030 B 4 9
5037 B 5 8
5039 B 5 10
5043 A 10 6
5044 A 11 6
5045 B 6 8
5048 B 6 11
5053 B 7 8
5057 A 8 8
5061 B 8 8
5067 A 10 9
5068 A 11 9
5069 B 9 8
5077 B 10 8
5082 A 9 11
5085 B 11 8
5090 A 9 12
5093 B 12 8
5094 B 12 9
5099 A 10 13
5101 B 13 8
5103 B 13 10
5107 A 10 14
5109 B 14 8
5112 B 14 11
5113 A 8 15
5117 B 15 8
5121 A 8 16
5125 B 16 8
5132 A 11 17
5133 B 17 8
5141 B 18 8
5146 A 9 19
5149 B 19 8
5157 B 20 8
5158 B 20 9
5165 B 21 8
5167 B 21 10
5171 A 10 22
5173 B 22 8
5176 B 22 11
5180 A 11 23
5181 B 23 8
5185 A 8 24
5189 B 24 8
5196 A 11 25
5197 B 25 8
5203 A 10 26
5205 B 26 8
5210 A 9 27
5213 B 27 8
5221 B 28 8
5222 B 28 9
5226 A 9 29
5229 B 29 8
5231 B 29 10
5235 A 10 30
5237 B 30 8
5240 B 30 11
5245 B 31 8
5249 A 8 32
5253 B 32 8
5260 A 11 33
5261 B 33 8
5269 B 34 8
5274 A 9 35
5277 B 35 8
5285 B 36 8
5286 B 36 9
5289 C 8 8
5291 C 8 10
5293 C 9 8
5296 C 9 11
5297 C 10 8
5301 C 11 8
5305 A 8 0
5307 A 10 0
5308 A 11 0
5309 B 0 12
5310 B 0 13
5316 A 11 1
5317 B 1 12
5319 B 1 14
5321 A 8 2
5325 B 2 12
5328 B 2 15
5330 A 9 3
5333 B 3 12
5341 B 4 12
5349 B 5 12
5355 A 10 6
5357 B 6 12
5365 B 7 12
5369 A 8 8
5373 B 8 12
5374 B 8 13
5379 A 10 9
5380 A 11 9
5381 B 9 12
5383 B 9 14
5388 A 11 10
5389 B 10 12
5392 B 10 15
5394 A 9 11
5397 B 11 12
5402 A 9 12
5405 B 12 12
5411 A 10 13
5413 B 13 12
5419 A 10 14
5421 B 14 12
5429 B 15 12
5433 A 8 16
5434 A 9 16
5437 B 16 12
5438 B 16 13
5444 A 11 17
5445 B 17 12
5447 B 17 14
5453 B 18 12
5456 B 18 15
5457 A 8 19
5458 A 9 19
5461 B 19 12
5469 B 20 12
5477 B 21 12
5483 A 10 22
5485 B 22 12
5493 B 23 12
5497 A 8 24
5501 B 24 12
5502 B 24 13
5508 A 11 25
5509 B 25 12
5511 B 25 14
5515 A 10 26
5517 B 26 12
5520 B 26 15
5522 A 9 27
5524 A 11 27
5525 B 27 12
5533 B 28 12
5538 A 9 29
5541 B 29 12
5547 A 10 30
5549 B 30 12
5557 B 31 12
5561 A 8 32
5565 B 32 12
5566 B 32 13
5570 A 9 33
5572 A 11 33
5573 B 33 12
5575 B 33 14
5581 B 34 12
5584 B 34 15
5586 A 9 35
5589 B 35 12
5597 B 36 12
5601 C 8 12
5605 C 9 12
5609 C 10 12
5613 C 11 12
5614 C 11 13
5617 A 8 0
5621 B 0 16
5628 A 11 1
5629 B 1 16
5633 A 8 2
5637 B 2 16
5642 A 9 3
5645 B 3 16
5653 B 4 16
5654 B 4 17
5661 B 5 16
5663 B 5 18
5665 A 8 6
5667 A 10 6
5669 B 6 16
5672 B 6 19
5677 B 7 16
5681 A 8 8
5685 B 8 16
5692 A 11 9
5693 B 9 16
5700 A 11 10
5701 B 10 16
5706 A 9 11
5709 B 11 16
5717 B 12 16
5718 B 12 17
5723 A 10 13
5725 B 13 16
5727 B 13 18
5731 A 10 14
5732 A 11 14
5733 B 14 16
5736 B 14 19
5741 B 15 16
5745 A 8 16
5746 A 9 16
5749 B 16 16
5756 A 11 17
5757 B 17 16
5765 B 18 16
5769 A 8 19
5770 A 9 19
5773 B 19 16
5781 B 20 16
5782 B 20 17
5789 B 21 16
5791 B 21 18
5795 A 10 22
5797 B 22 16
5800 B 22 19
5801 A 8 23
5805 B 23 16
5809 A 8 24
5813 B 24 16
5820 A 11 25
5821 B 25 16
5829 B 26 16
5834 A 9 27
5836 A 11 27
5837 B 27 16
5845 B 28 16
5846 B 28 17
5850 A 9 29
5853 B 29 16
5855 B 29 18
5859 A 10 30
5861 B 30 16
5864 B 30 19
5868 A 11 31
5869 B 31 16
5873 A 8 32
5877 B 32 16
5882 A 9 33
5884 A 11 33
5885 B 33 16
5893 B 34 16
5898 A 9 35
5901 B 35 16
5905 A 8 36
5909 B 36 16
5910 B 36 17
5913 C 8 16
5915 C 8 18
5917 C 9 16
5920 C 9 19
5921 C 10 16
5925 C 11 16
5929 A 8 0
5933 B 0 20
5934 B 0 21
5940 A 11 1
5941 B 1 20
5943 B 1 22
5945 A 8 2
5949 B 2 20
5952 B 2 23
5954 A 9 3
5957 B 3 20
5965 B 4 20
5973 B 5 20
5977 A 8 6
5979 A 10 6
5981 B 6 20
5989 B 7 20
5993 A 8 8
5997 B 8 20
5998 B 8 21
6004 A 11 9
6005 B 9 20
6007 B 9 22
6012 A 11 10
6013 B 10 20
6016 B 10 23
6018 A 9 11
6021 B 11 20
6029 B 12 20
6037 B 13 20
6043 A 10 14
6044 A 11 14
6045 B 14 20
6053 B 15 20
6057 A 8 16
6061 B 16 20
6062 B 16 21
6067 A 10 17
6068 A 11 17
6069 B 17 20
6071 B 17 22
6077 B 18 20
6080 B 18 23
6081 A 8 19
6082 A 9 19
6085 B 19 20
6093 B 20 20
6101 B 21 20
6107 A 10 22
6109 B 22 20
6113 A 8 23
6117 B 23 20
6121 A 8 24
6125 B 24 20
6126 B 24 21
6132 A 11 25
6133 B 25 20
6135 B 25 22
6141 B 26 20
6144 B 26 23
6146 A 9 27
6148 A 11 27
6149 B 27 20
6157 B 28 20
6165 B 29 20
6171 A 10 30
6173 B 30 20
6180 A 11 31
6181 B 31 20
6185 A 8 32
6189 B 32 20
6190 B 32 21
6194 A 9 33
6196 A 11 33
6197 B 33 20
6199 B 33 22
6203 A 10 34
6205 B 34 20
6208 B 34 23
6210 A 9 35
6213 B 35 20
6217 A 8 36
6221 B 36 20
6225 C 8 20
6229 C 9 20
6233 C 10 20
6237 C 11 20
6238 C 11 21
6241 A 8 0
6245 B 0 24
6252 A 11 1
6253 B 1 24
6261 B 2 24
6266 A 9 3
6269 B 3 24
6275 A 10 4
6277 B 4 24
6278 B 4 25
6285 B 5 24
6287 B 5 26
6289 A 8 6
6291 A 10 6
6293 B 6 24
6296 B 6 27
6298 A 9 7
6301 B 7 24
6305 A 8 8
6309 B 8 24
6316 A 11 9
6317 B 9 24
6325 B 10 24
6330 A 9 11
6333 B 11 24
6341 B 12 24
6342 B 12 25
6349 B 13 24
6351 B 13 26
6355 A 10 14
6356 A 11 14
6357 B 14 24
6360 B 14 27
6365 B 15 24
6369 A 8 16
6373 B 16 24
6379 A 10 17
6380 A 11 17
6381 B 17 24
6389 B 18 24
6394 A 9 19
6397 B 19 24
6402 A 9 20
6405 B 20 24
6406 B 20 25
6411 A 10 21
6413 B 21 24
6415 B 21 26
6419 A 10 22
6421 B 22 24
6424 B 22 27
6425 A 8 23
6429 B 23 24
6433 A 8 24
6437 B 24 24
6444 A 11 25
6445 B 25 24
6453 B 26 24
6458 A 9 27
6461 B 27 24
6469 B 28 24
6470 B 28 25
6477 B 29 24
6479 B 29 26
6483 A 10 30
6485 B 30 24
6488 B 30 27
6492 A 11 31
6493 B 31 24
6497 A 8 32
6501 B 32 24
6508 A 11 33
6509 B 33 24
6515 A 10 34
6517 B 34 24
6522 A 9 35
6525 B 35 24
6533 B 36 24
6534 B 36 25
6537 C 8 24
6539 C 8 26
6541 C 9 24
6544 C 9 27
6545 C 10 24
6549 C 11 24
6554 A 13 0
6555 A 14 0
6556 A 15 0
6557 B 0 0
6565 B 1 0
6571 A 14 2
6573 B 2 0
6577 A 12 3
6581 B 3 0
6585 A 12 4
6589 B 4 0
6590 B 4 1
6596 A 15 5
6597 B 5 0
6599 B 5 2
6605 B 6 0
6608 B 6 3
6610 A 13 7
6612 A 15 7
6613 B 7 0
6621 B 8 0
6629 B 9 0
6635 A 14 10
6637 B 10 0
6644 A 15 11
6645 B 11 0
6649 A 12 12
6653 B 12 0
6654 B 12 1
6658 A 13 13
6660 A 15 13
6661 B 13 0
6663 B 13 2
6667 A 14 14
6669 B 14 0
6672 B 14 3
6674 A 13 15
6677 B 15 0
6681 A 12 16
6685 B 16 0
6693 B 17 0
6699 A 14 18
6701 B 18 0
6709 B 19 0
6713 A 12 20
6717 B 20 0
6718 B 20 1
6724 A 15 21
6725 B 21 0
6727 B 21 2
6733 B 22 0
6736 B 22 3
6738 A 13 23
6741 B 23 0
6748 A 15 24
6749 B 24 0
6757 B 25 0
6763 A 14 26
6765 B 26 0
6771 A 14 27
6773 B 27 0
6777 A 12 28
6780 A 15 28
6781 B 28 0
6782 B 28 1
6785 A 12 29
6788 A 15 29
6789 B 29 0
6791 B 29 2
6794 A 13 30
6797 B 30 0
6800 B 30 3
6802 A 13 31
6803 A 14 31
6805 B 31 0
6813 B 32 0
6817 A 12 33
6821 B 33 0
6827 A 14 34
6829 B 34 0
6837 B 35 0
6841 A 12 36
6845 B 36 0
6846 B 36 1
6849 C 12 0
6853 C 13 0
6857 C 14 0
6861 C 15 0
6862 C 15 1
6865 A 12 0
6868 A 15 0
6869 B 0 4
6870 B 0 5
6875 A 14 1
6877 B 1 4
6879 B 1 6
6883 A 14 2
6885 B 2 4
6888 B 2 7
6889 A 12 3
6893 B 3 4
6897 A 12 4
6901 B 4 4
6908 A 15 5
6909 B 5 4
6917 B 6 4
6922 A 13 7
6925 B 7 4
6933 B 8 4
6934 B 8 5
6941 B 9 4
6943 B 9 6
6947 A 14 10
6949 B 10 4
6952 B 10 7
6956 A 15 11
6957 B 11 4
6961 A 12 12
6965 B 12 4
6972 A 15 13
6973 B 13 4
6979 A 14 14
6981 B 14 4
6986 A 13 15
6989 B 15 4
6997 B 16 4
6998 B 16 5
7002 A 13 17
7005 B 17 4
7007 B 17 6
7011 A 14 18
7013 B 18 4
7016 B 18 7
7021 B 19 4
7025 A 12 20
7029 B 20 4
7036 A 15 21
7037 B 21 4
7045 B 22 4
7050 A 13 23
7053 B 23 4
7061 B 24 4
7062 B 24 5
7069 B 25 4
7071 B 25 6
7075 A 14 26
7077 B 26 4
7080 B 26 7
7083 A 14 27
7085 B 27 4
7089 A 12 28
7092 A 15 28
7093 B 28 4
7100 A 15 29
7101 B 29 4
7109 B 30 4
7114 A 13 31
7115 A 14 31
7117 B 31 4
7125 B 32 4
7126 B 32 5
7129 A 12 33
7133 B 33 4
7135 B 33 6
7138 A 13 34
7139 A 14 34
7141 B 34 4
7144 B 34 7
7149 B 35 4
7153 A 12 36
7157 B 36 4
7161 C 12 4
7163 C 12 6
7165 C 13 4
7168 C 13 7
7169 C 14 4
7173 C 15 4
7177 A 12 0
7180 A 15 0
7181 B 0 8
7187 A 14 1
7189 B 1 8
7195 A 14 2
7197 B 2 8
7205 B 3 8
7209 A 12 4
7210 A 13 4
7213 B 4 8
7214 B 4 9
7220 A 15 5
7221 B 5 8
7223 B 5 10
7229 B 6 8
7232 B 6 11
7233 A 12 7
7234 A 13 7
7237 B 7 8
7245 B 8 8
7253 B 9 8
7259 A 14 10
7261 B 10 8
7269 B 11 8
7273 A 12 12
7277 B 12 8
7278 B 12 9
7284 A 15 13
7285 B 13 8
7287 B 13 10
7291 A 14 14
7293 B 14 8
7296 B 14 11
7298 A 13 15
7300 A 15 15
7301 B 15 8
7309 B 16 8
7314 A 13 17
7317 B 17 8
7323 A 14 18
7325 B 18 8
7333 B 19 8
7337 A 12 20
7341 B 20 8
7342 B 20 9
7346 A 13 21
7348 A 15 21
7349 B 21 8
7351 B 21 10
7357 B 22 8
7360 B 22 11
7362 A 13 23
7365 B 23 8
7373 B 24 8
7381 B 25 8
7387 A 14 26
7389 B 26 8
7397 B 27 8
7401 A 12 28
7405 B 28 8
7406 B 28 9
7412 A 15 29
7413 B 29 8
7415 B 29 10
7421 B 30 8
7424 B 30 11
7426 A 13 31
7427 A 14 31
7429 B 31 8
7437 B 32 8
7445 B 33 8
7450 A 13 34
7451 A 14 34
7453 B 34 8
7461 B 35 8
7465 A 12 36
7469 B 36 8
7470 B 36 9
7473 C 12 8
7477 C 13 8
7481 C 14 8
7485 C 15 8
7486 C 15 9
7489 A 12 0
7490 A 13 0
7493 B 0 12
7494 B 0 13
7499 A 14 1
7501 B 1 12
7503 B 1 14
7507 A 14 2
7508 A 15 2
7509 B 2 12
7512 B 2 15
7517 B 3 12
7521 A 12 4
7522 A 13 4
7525 B 4 12
7532 A 15 5
7533 B 5 12
7541 B 6 12
7545 A 12 7
7546 A 13 7
7549 B 7 12
7557 B 8 12
7558 B 8 13
7565 B 9 12
7567 B 9 14
7571 A 14 10
7573 B 10 12
7576 B 10 15
7577 A 12 11
7581 B 11 12
7585 A 12 12
7589 B 12 12
7596 A 15 13
7597 B 13 12
7605 B 14 12
7610 A 13 15
7612 A 15 15
7613 B 15 12
7621 B 16 12
7622 B 16 13
7626 A 13 17
7629 B 17 12
7631 B 17 14
7635 A 14 18
7637 B 18 12
7640 B 18 15
7644 A 15 19
7645 B 19 12
7649 A 12 20
7653 B 20 12
7658 A 13 21
7660 A 15 21
7661 B 21 12
7669 B 22 12
7674 A 13 23
7677 B 23 12
7681 A 12 24
7685 B 24 12
7686 B 24 13
7693 B 25 12
7695 B 25 14
7699 A 14 26
7701 B 26 12
7704 B 26 15
7709 B 27 12
7713 A 12 28
7717 B 28 12
7724 A 15 29
7725 B 29 12
7733 B 30 12
7738 A 13 31
7741 B 31 12
7748 A 15 32
7749 B 32 12
7750 B 32 13
7757 B 33 12
7759 B 33 14
7762 A 13 34
7763 A 14 34
7765 B 34 12
7768 B 34 15
7771 A 14 35
7773 B 35 12
7777 A 12 36
7781 B 36 12
7785 C 12 12
7787 C 12 14
7789 C 13 12
7792 C 13 15
7793 C 14 12
7797 C 15 12
7801 A 12 0
7802 A 13 0
7805 B 0 16
7813 B 1 16
7819 A 14 2
7820 A 15 2
7821 B 2 16
7829 B 3 16
7833 A 12 4
7837 B 4 16
7838 B 4 17
7843 A 14 5
7844 A 15 5
7845 B 5 16
7847 B 5 18
7853 B 6 16
7856 B 6 19
7857 A 12 7
7858 A 13 7
7861 B 7 16
7869 B 8 16
7877 B 9 16
7883 A 14 10
7885 B 10 16
7889 A 12 11
7893 B 11 16
7897 A 12 12
7901 B 12 16
7902 B 12 17
7908 A 15 13
7909 B 13 16
7911 B 13 18
7917 B 14 16
7920 B 14 19
7922 A 13 15
7924 A 15 15
7925 B 15 16
7933 B 16 16
7941 B 17 16
7947 A 14 18
7949 B 18 16
7956 A 15 19
7957 B 19 16
7961 A 12 20
7965 B 20 16
7966 B 20 17
7970 A 13 21
7972 A 15 21
7973 B 21 16
7975 B 21 18
7979 A 14 22
7981 B 22 16
7984 B 22 19
7986 A 13 23
7989 B 23 16
7993 A 12 24
7997 B 24 16
8005 B 25 16
8011 A 14 26
8013 B 26 16
8021 B 27 16
8025 A 12 28
8029 B 28 16
8030 B 28 17
8036 A 15 29
8037 B 29 16
8039 B 29 18
8045 B 30 16
8048 B 30 19
8050 A 13 31
8053 B 31 16
8060 A 15 32
8061 B 32 16
8069 B 33 16
8075 A 14 34
8077 B 34 16
8083 A 14 35
8085 B 35 16
8089 A 12 36
8092 A 15 36
8093 B 36 16
8094 B 36 17
8097 C 12 16
8101 C 13 16
8105 C 14 16
8109 C 15 16
8110 C 15 17
8113 A 12 0
8114 A 13 0
8117 B 0 20
8118 B 0 21
8125 B 1 20
8127 B 1 22
8131 A 14 2
8132 A 15 2
8133 B 2 20
8136 B 2 23
8141 B 3 20
8145 A 12 4
8149 B 4 20
8155 A 14 5
8156 A 15 5
8157 B 5 20
8165 B 6 20
8170 A 13 7
8173 B 7 20
8178 A 13 8
8181 B 8 20
8182 B 8 21
8187 A 14 9
8189 B 9 20
8191 B 9 22
8195 A 14 10
8197 B 10 20
8200 B 10 23
8201 A 12 11
8205 B 11 20
8209 A 12 12
8213 B 12 20
8220 A 15 13
8221 B 13 20
8229 B 14 20
8234 A 13 15
8237 B 15 20
8245 B 16 20
8246 B 16 21
8253 B 17 20
8255 B 17 22
8259 A 14 18
8261 B 18 20
8264 B 18 23
8268 A 15 19
8269 B 19 20
8273 A 12 20
8277 B 20 20
8284 A 15 21
8285 B 21 20
8291 A 14 22
8293 B 22 20
8298 A 13 23
8301 B 23 20
8309 B 24 20
8310 B 24 21
8314 A 13 25
8317 B 25 20
8319 B 25 22
8323 A 14 26
8325 B 26 20
8328 B 26 23
8333 B 27 20
8337 A 12 28
8341 B 28 20
8348 A 15 29
8349 B 29 20
8357 B 30 20
8362 A 13 31
8365 B 31 20
8373 B 32 20
8374 B 32 21
8381 B 33 20
8383 B 33 22
8387 A 14 34
8389 B 34 20
8392 B 34 23
8395 A 14 35
8397 B 35 20
8401 A 12 36
8404 A 15 36
8405 B 36 20
8409 C 12 20
8411 C 12 22
8413 C 13 20
8416 C 13 23
8417 C 14 20
8421 C 15 20
8425 A 12 0
8427 A 14 0
8429 B 0 24
8437 B 1 24
8443 A 14 2
8445 B 2 24
8453 B 3 24
8457 A 12 4
8461 B 4 24
8462 B 4 25
8467 A 14 5
8468 A 15 5
8469 B 5 24
8471 B 5 26
8476 A 15 6
8477 B 6 24
8480 B 6 27
8482 A 13 7
8485 B 7 24
8490 A 13 8
8493 B 8 24
8499 A 14 9
8501 B 9 24
8507 A 14 10
8509 B 10 24
8517 B 11 24
8521 A 12 12
8522 A 13 12
8525 B 12 24
8526 B 12 25
8532 A 15 13
8533 B 13 24
8535 B 13 26
8541 B 14 24
8544 B 14 27
8545 A 12 15
8546 A 13 15
8549 B 15 24
8557 B 16 24
8565 B 17 24
8571 A 14 18
8573 B 18 24
8581 B 19 24
8585 A 12 20
8589 B 20 24
8590 B 20 25
8596 A 15 21
8597 B 21 24
8599 B 21 26
8603 A 14 22
8605 B 22 24
8608 B 22 27
8610 A 13 23
8612 A 15 23
8613 B 23 24
8621 B 24 24
8626 A 13 25
8629 B 25 24
8635 A 14 26
8637 B 26 24
8645 B 27 24
8649 A 12 28
8653 B 28 24
8654 B 28 25
8658 A 13 29
8660 A 15 29
8661 B 29 24
8663 B 29 26
8669 B 30 24
8672 B 30 27
8674 A 13 31
8677 B 31 24
8685 B 32 24
8693 B 33 24
8699 A 14 34
8701 B 34 24
8709 B 35 24
8713 A 12 36
8717 B 36 24
8718 B 36 25
8721 C 12 24
8725 C 13 24
8729 C 14 24
8733 C 15 24
8734 C 15 25
8737 A 16 0
8738 A 17 0
8739 A 18 0
8740 A 19 0
8741 B 0 0
8748 A 19 1
8749 B 1 0
8755 A 18 2
8757 B 2 0
8762 A 17 3
8765 B 3 0
8773 B 4 0
8774 B 4 1
8778 A 17 5
8781 B 5 0
8783 B 5 2
8787 A 18 6
8789 B 6 0
8792 B 6 3
8797 B 7 0
8801 A 16 8
8805 B 8 0
8812 A 19 9
8813 B 9 0
8821 B 10 0
8826 A 17 11
8829 B 11 0
8837 B 12 0
8838 B 12 1
8847 B 13 2
8851 A 18 14
8853 B 14 0
8856 B 14 3
8859 A 18 15
8861 B 15 0
8865 A 16 16
8868 A 19 16
8869 B 16 0
8876 A 19 17
8877 B 17 0
8885 B 18 0
8890 A 17 19
8891 A 18 19
8893 B 19 0
8901 B 20 0
8902 B 20 1
8905 A 16 21
8909 B 21 0
8911 B 21 2
8914 A 17 22
8915 A 18 22
8917 B 22 0
8920 B 22 3
8925 B 23 0
8929 A 16 24
8933 B 24 0
8940 A 19 25
8941 B 25 0
8949 B 26 0
8954 A 17 27
8957 B 27 0
8965 B 28 0
8966 B 28 1
8972 A 19 29
8973 B 29 0
8975 B 29 2
8979 A 18 30
8981 B 30 0
8984 B 30 3
8989 B 31 0
8993 A 16 32
8995 A 18 32
8997 B 32 0
9004 A 19 33
9005 B 33 0
9013 B 34 0
9018 A 17 35
9021 B 35 0
9027 A 18 36
9029 B 36 0
9030 B 36 1
9033 C 16 0
9035 C 16 2
9037 C 17 0
9040 C 17 3
9041 C 18 0
9045 C 19 0
9049 A 16 0
9053 B 0 4
9054 B 0 5
9060 A 19 1
9061 B 1 4
9063 B 1 6
9067 A 18 2
9069 B 2 4
9072 B 2 7
9074 A 17 3
9076 A 19 3
9077 B 3 4
9085 B 4 4
9090 A 17 5
9093 B 5 4
9099 A 18 6
9101 B 6 4
9109 B 7 4
9113 A 16 8
9117 B 8 4
9118 B 8 5
9122 A 17 9
9124 A 19 9
9125 B 9 4
9127 B 9 6
9133 B 10 4
9136 B 10 7
9138 A 17 11
9141 B 11 4
9149 B 12 4
9157 B 13 4
9163 A 18 14
9165 B 14 4
9173 B 15 4
9177 A 16 16
9181 B 16 4
9182 B 16 5
9188 A 19 17
9189 B 17 4
9191 B 17 6
9197 B 18 4
9200 B 18 7
9202 A 17 19
9203 A 18 19
9205 B 19 4
9213 B 20 4
9221 B 21 4
9226 A 17 22
9227 A 18 22
9229 B 22 4
9237 B 23 4
9241 A 16 24
9245 B 24 4
9246 B 24 5
9249 A 16 25
9252 A 19 25
9253 B 25 4
9255 B 25 6
9258 A 17 26
9261 B 26 4
9264 B 26 7
9266 A 17 27
9269 B 27 4
9277 B 28 4
9285 B 29 4
9291 A 18 30
9293 B 30 4
9301 B 31 4
9305 A 16 32
9309 B 32 4
9310 B 32 5
9316 A 19 33
9317 B 33 4
9319 B 33 6
9325 B 34 4
9328 B 34 7
9330 A 17 35
9333 B 35 4
9339 A 18 36
9341 B 36 4
9345 C 16 4
9349 C 17 4
9353 C 18 4
9357 C 19 4
9358 C 19 5
9361 A 16 0
9365 B 0 8
9372 A 19 1
9373 B 1 8
9381 B 2 8
9386 A 17 3
9388 A 19 3
9389 B 3 8
9397 B 4 8
9398 B 4 9
9402 A 17 5
9405 B 5 8
9407 B 5 10
9411 A 18 6
9413 B 6 8
9416 B 6 11
9420 A 19 7
9421 B 7 8
9425 A 16 8
9429 B 8 8
9434 A 17 9
9436 A 19 9
9437 B 9 8
9445 B 10 8
9450 A 17 11
9453 B 11 8
9457 A 16 12
9461 B 12 8
9462 B 12 9
9469 B 13 8
9471 B 13 10
9475 A 18 14
9477 B 14 8
9480 B 14 11
9485 B 15 8
9489 A 16 16
9493 B 16 8
9500 A 19 17
9501 B 17 8
9509 B 18 8
9514 A 17 19
9517 B 19 8
9524 A 19 20
9525 B 20 8
9526 B 20 9
9533 B 21 8
9535 B 21 10
9538 A 17 22
9539 A 18 22
9541 B 22 8
9544 B 22 11
9547 A 18 23
9549 B 23 8
9553 A 16 24
9557 B 24 8
9561 A 16 25
9564 A 19 25
9565 B 25 8
9570 A 17 26
9573 B 26 8
9578 A 17 27
9581 B 27 8
9589 B 28 8
9590 B 28 9
9593 A 16 29
9597 B 29 8
9599 B 29 10
9603 A 18 30
9605 B 30 8
9608 B 30 11
9613 B 31 8
9617 A 16 32
9621 B 32 8
9628 A 19 33
9629 B 33 8
9637 B 34 8
9642 A 17 35
9645 B 35 8
9653 B 36 8
9654 B 36 9
9657 C 16 8
9659 C 16 10
9661 C 17 8
9664 C 17 11
9665 C 18 8
9669 C 19 8
9673 A 16 0
9674 A 17 0
9677 B 0 12
9678 B 0 13
9684 A 19 1
9685 B 1 12
9687 B 1 14
9693 B 2 12
9696 B 2 15
9698 A 17 3
9700 A 19 3
9701 B 3 12
9709 B 4 12
9717 B 5 12
9723 A 18 6
9725 B 6 12
9732 A 19 7
9733 B 7 12
9737 A 16 8
9741 B 8 12
9742 B 8 13
9746 A 17 9
9748 A 19 9
9749 B 9 12
9751 B 9 14
9755 A 18 10
9757 B 10 12
9760 B 10 15
9762 A 17 11
9765 B 11 12
9769 A 16 12
9773 B 12 12
9781 B 13 12
9787 A 18 14
9789 B 14 12
9797 B 15 12
9801 A 16 16
9805 B 16 12
9806 B 16 13
9812 A 19 17
9813 B 17 12
9815 B 17 14
9821 B 18 12
9824 B 18 15
9826 A 17 19
9829 B 19 12
9836 A 19 20
9837 B 20 12
9845 B 21 12
9851 A 18 22
9853 B 22 12
9859 A 18 23
9861 B 23 12
9865 A 16 24
9868 A 19 24
9869 B 24 12
9870 B 24 13
9873 A 16 25
9876 A 19 25
9877 B 25 12
9879 B 25 14
9882 A 17 26
9885 B 26 12
9888 B 26 15
9890 A 17 27
9891 A 18 27
9893 B 27 12
9901 B 28 12
9905 A 16 29
9909 B 29 12
9915 A 18 30
9917 B 30 12
9925 B 31 12
9929 A 16 32
9933 B 32 12
9934 B 32 13
9940 A 19 33
9941 B 33 12
9943 B 33 14
9949 B 34 12
9952 B 34 15
9954 A 17 35
9957 B 35 12
9965 B 36 12
9969 C 16 12
9973 C 17 12
9977 C 18 12
9981 C 19 12
9982 C 19 13
9985 A 16 0
9986 A 17 0
9989 B 0 16
9996 A 19 1
9997 B 1 16
10005 B 2 16
10010 A 17 3
10013 B 3 16
10021 B 4 16
10022 B 4 17
10029 B 5 16
10031 B 5 18
10035 A 18 6
10037 B 6 16
10040 B 6 19
10044 A 19 7
10045 B 7 16
10049 A 16 8
10053 B 8 16
10060 A 19 9
10061 B 9 16
10067 A 18 10
10069 B 10 16
10074 A 17 11
10077 B 11 16
10085 B 12 16
10086 B 12 17
10090 A 17 13
10093 B 13 16
10095 B 13 18
10099 A 18 14
10101 B 14 16
10104 B 14 19
10109 B 15 16
10113 A 16 16
10117 B 16 16
10124 A 19 17
10125 B 17 16
10133 B 18 16
10138 A 17 19
10141 B 19 16
10149 B 20 16
10150 B 20 17
10157 B 21 16
10159 B 21 18
10163 A 18 22
10165 B 22 16
10168 B 22 19
10171 A 18 23
10173 B 23 16
10177 A 16 24
10180 A 19 24
10181 B 24 16
10188 A 19 25
10189 B 25 16
10197 B 26 16
10202 A 17 27
10203 A 18 27
10205 B 27 16
10213 B 28 16
10214 B 28 17
10217 A 16 29
10221 B 29 16
10223 B 29 18
10226 A 17 30
10227 A 18 30
10229 B 30 16
10232 B 30 19
10237 B 31 16
10241 A 16 32
10245 B 32 16
10252 A 19 33
10253 B 33 16
10261 B 34 16
10266 A 17 35
10269 B 35 16
10277 B 36 16
10278 B 36 17
10281 C 16 16
10283 C 16 18
10285 C 17 16
10288 C 17 19
10289 C 18 16
10293 C 19 16
10297 A 16 0
10298 A 17 0
10299 A 18 0
10301 B 0 20
10302 B 0 21
10308 A 19 1
10309 B 1 20
10311 B 1 22
10317 B 2 20
10320 B 2 23
10321 A 16 3
10322 A 17 3
10325 B 3 20
10333 B 4 20
10341 B 5 20
10347 A 18 6
10349 B 6 20
10357 B 7 20
10361 A 16 8
10365 B 8 20
10366 B 8 21
10372 A 19 9
10373 B 9 20
10375 B 9 22
10379 A 18 10
10381 B 10 20
10384 B 10 23
10386 A 17 11
10388 A 19 11
10389 B 11 20
10397 B 12 20
10402 A 17 13
10405 B 13 20
10411 A 18 14
10413 B 14 20
10421 B 15 20
10425 A 16 16
10429 B 16 20
10430 B 16 21
10434 A 17 17
10436 A 19 17
10437 B 17 20
10439 B 17 22
10445 B 18 20
10448 B 18 23
10450 A 17 19
10453 B 19 20
10461 B 20 20
10469 B 21 20
10475 A 18 22
10477 B 22 20
10485 B 23 20
10489 A 16 24
10493 B 24 20
10494 B 24 21
10500 A 19 25
10501 B 25 20
10503 B 25 22
10509 B 26 20
10512 B 26 23
10514 A 17 27
10515 A 18 27
10517 B 27 20
10525 B 28 20
10533 B 29 20
10538 A 17 30
10539 A 18 30
10541 B 30 20
10549 B 31 20
10553 A 16 32
10557 B 32 20
10558 B 32 21
10561 A 16 33
10564 A 19 33
10565 B 33 20
10567 B 33 22
10570 A 17 34
10573 B 34 20
10576 B 34 23
10578 A 17 35
10581 B 35 20
10589 B 36 20
10593 C 16 20
10597 C 17 20
10601 C 18 20
10605 C 19 20
10606 C 19 21
10609 A 16 0
10611 A 18 0
10612 A 19 0
10613 B 0 24
10620 A 19 1
10621 B 1 24
10629 B 2 24
10633 A 16 3
10634 A 17 3
10637 B 3 24
10645 B 4 24
10646 B 4 25
10653 B 5 24
10655 B 5 26
10659 A 18 6
10661 B 6 24
10664 B 6 27
10665 A 16 7
10669 B 7 24
10673 A 16 8
10677 B 8 24
10684 A 19 9
10685 B 9 24
10693 B 10 24
10700 A 19 11
10701 B 11 24
10709 B 12 24
10710 B 12 25
10714 A 17 13
10717 B 13 24
10719 B 13 26
10723 A 18 14
10725 B 14 24
10728 B 14 27
10732 A 19 15
10733 B 15 24
10737 A 16 16
10741 B 16 24
10746 A 17 17
10748 A 19 17
10749 B 17 24
10757 B 18 24
10762 A 17 19
10765 B 19 24
10769 A 16 20
10773 B 20 24
10774 B 20 25
10781 B 21 24
10783 B 21 26
10787 A 18 22
10789 B 22 24
10792 B 22 27
10797 B 23 24
10801 A 16 24
10805 B 24 24
10812 A 19 25
10813 B 25 24
10821 B 26 24
10826 A 17 27
10829 B 27 24
10836 A 19 28
10837 B 28 24
10838 B 28 25
10845 B 29 24
10847 B 29 26
10850 A 17 30
10851 A 18 30
10853 B 30 24
10856 B 30 27
10859 A 18 31
10861 B 31 24
10865 A 16 32
10869 B 32 24
10873 A 16 33
10876 A 19 33
10877 B 33 24
10882 A 17 34
10885 B 34 24
10890 A 17 35
10893 B 35 24
10901 B 36 24
10902 B 36 25
10905 C 16 24
10907 C 16 26
10909 C 17 24
10912 C 17 27
10913 C 18 24
10917 C 19 24
10922 A 21 0
10923 A 22 0
10924 A 23 0
10925 B 0 0
10933 B 1 0
10939 A 22 2
10941 B 2 0
10949 B 3 0
10953 A 20 4
10957 B 4 0
10958 B 4 1
10964 A 23 5
10965 B 5 0
10967 B 5 2
10973 B 6 0
10976 B 6 3
10978 A 21 7
10979 A 22 7
10981 B 7 0
10989 B 8 0
10997 B 9 0
11002 A 21 10
11003 A 22 10
11005 B 10 0
11013 B 11 0
11017 A 20 12
11021 B 12 0
11022 B 12 1
11025 A 20 13
11028 A 23 13
11029 B 13 0
11031 B 13 2
11034 A 21 14
11037 B 14 0
11040 B 14 3
11042 A 21 15
11045 B 15 0
11053 B 16 0
11061 B 17 0
11067 A 22 18
11069 B 18 0
11077 B 19 0
11081 A 20 20
11085 B 20 0
11086 B 20 1
11092 A 23 21
11093 B 21 0
11095 B 21 2
11101 B 22 0
11104 B 22 3
11106 A 21 23
11109 B 23 0
11115 A 22 24
11117 B 24 0
11125 B 25 0
11131 A 22 26
11133 B 26 0
11138 A 21 27
11141 B 27 0
11145 A 20 28
11149 B 28 0
11150 B 28 1
11156 A 23 29
11157 B 29 0
11159 B 29 2
11161 A 20 30
11165 B 30 0
11168 B 30 3
11170 A 21 31
11173 B 31 0
11181 B 32 0
11189 B 33 0
11195 A 22 34
11197 B 34 0
11205 B 35 0
11209 A 20 36
11213 B 36 0
11214 B 36 1
11217 C 20 0
11221 C 21 0
11225 C 22 0
11229 C 23 0
11230 C 23 1
11233 A 20 0
11236 A 23 0
11237 B 0 4
11238 B 0 5
11245 B 1 4
11247 B 1 6
11251 A 22 2
11253 B 2 4
11256 B 2 7
11261 B 3 4
11265 A 20 4
11269 B 4 4
11276 A 23 5
11277 B 5 4
11285 B 6 4
11293 B 7 4
11300 A 23 8
11301 B 8 4
11302 B 8 5
11309 B 9 4
11311 B 9 6
11314 A 21 10
11315 A 22 10
11317 B 10 4
11320 B 10 7
11323 A 22 11
11325 B 11 4
11329 A 20 12
11333 B 12 4
11337 A 20 13
11340 A 23 13
11341 B 13 4
11346 A 21 14
11349 B 14 4
11354 A 21 15
11357 B 15 4
11365 B 16 4
11366 B 16 5
11369 A 20 17
11373 B 17 4
11375 B 17 6
11379 A 22 18
11381 B 18 4
11384 B 18 7
11389 B 19 4
11393 A 20 20
11397 B 20 4
11404 A 23 21
11405 B 21 4
11413 B 22 4
11418 A 21 23
11421 B 23 4
11429 B 24 4
11430 B 24 5
11436 A 23 25
11437 B 25 4
11439 B 25 6
11443 A 22 26
11445 B 26 4
11448 B 26 7
11450 A 21 27
11453 B 27 4
11457 A 20 28
11461 B 28 4
11468 A 23 29
11469 B 29 4
11473 A 20 30
11477 B 30 4
11482 A 21 31
11485 B 31 4
11493 B 32 4
11494 B 32 5
11501 B 33 4
11503 B 33 6
11505 A 20 34
11507 A 22 34
11509 B 34 4
11512 B 34 7
11517 B 35 4
11521 A 20 36
11525 B 36 4
11529 C 20 4
11531 C 20 6
11533 C 21 4
11536 C 21 7
11537 C 22 4
11541 C 23 4
11545 A 20 0
11546 A 21 0
11549 B 0 8
11557 B 1 8
11563 A 22 2
11565 B 2 8
11573 B 3 8
11577 A 20 4
11581 B 4 8
11582 B 4 9
11588 A 23 5
11589 B 5 8
11591 B 5 10
11597 B 6 8
11600 B 6 11
11602 A 21 7
11605 B 7 8
11612 A 23 8
11613 B 8 8
11621 B 9 8
11627 A 22 10
11629 B 10 8
11635 A 22 11
11637 B 11 8
11641 A 20 12
11644 A 23 12
11645 B 12 8
11646 B 12 9
11649 A 20 13
11652 A 23 13
11653 B 13 8
11655 B 13 10
11658 A 21 14
11661 B 14 8
11664 B 14 11
11666 A 21 15
11667 A 22 15
11669 B 15 8
11677 B 16 8
11681 A 20 17
11685 B 17 8
11691 A 22 18
11693 B 18 8
11701 B 19 8
11705 A 20 20
11709 B 20 8
11710 B 20 9
11716 A 23 21
11717 B 21 8
11719 B 21 10
11725 B 22 8
11728 B 22 11
11730 A 21 23
11733 B 23 8
11741 B 24 8
11748 A 23 25
11749 B 25 8
11755 A 22 26
11757 B 26 8
11765 B 27 8
11769 A 20 28
11771 A 22 28
11773 B 28 8
11774 B 28 9
11780 A 23 29
11781 B 29 8
11783 B 29 10
11785 A 20 30
11789 B 30 8
11792 B 30 11
11794 A 21 31
11797 B 31 8
11805 B 32 8
11813 B 33 8
11817 A 20 34
11819 A 22 34
11821 B 34 8
11829 B 35 8
11833 A 20 36
11837 B 36 8
11838 B 36 9
11841 C 20 8
11845 C 21 8
11849 C 22 8
11853 C 23 8
11854 C 23 9
11857 A 20 0
11858 A 21 0
11859 A 22 0
11861 B 0 12
11862 B 0 13
11866 A 21 1
11869 B 1 12
11871 B 1 14
11875 A 22 2
11877 B 2 12
11880 B 2 15
11885 B 3 12
11889 A 20 4
11893 B 4 12
11900 A 23 5
11901 B 5 12
11909 B 6 12
11914 A 21 7
11917 B 7 12
11925 B 8 12
11926 B 8 13
11933 B 9 12
11935 B 9 14
11941 B 10 12
11944 B 10 15
11947 A 22 11
11949 B 11 12
11953 A 20 12
11956 A 23 12
11957 B 12 12
11964 A 23 13
11965 B 13 12
11973 B 14 12
11978 A 21 15
11979 A 22 15
11981 B 15 12
11989 B 16 12
11990 B 16 13
11993 A 20 17
11997 B 17 12
11999 B 17 14
12002 A 21 18
12003 A 22 18
12005 B 18 12
12008 B 18 15
12013 B 19 12
12017 A 20 20
12021 B 20 12
12028 A 23 21
12029 B 21 12
12037 B 22 12
12042 A 21 23
12045 B 23 12
12053 B 24 12
12054 B 24 13
12060 A 23 25
12061 B 25 12
12063 B 25 14
12067 A 22 26
12069 B 26 12
12072 B 26 15
12077 B 27 12
12081 A 20 28
12083 A 22 28
12085 B 28 12
12092 A 23 29
12093 B 29 12
12101 B 30 12
12106 A 21 31
12109 B 31 12
12115 A 22 32
12117 B 32 12
12118 B 32 13
12125 B 33 12
12127 B 33 14
12129 A 20 34
12131 A 22 34
12133 B 34 12
12136 B 34 15
12138 A 21 35
12141 B 35 12
12145 A 20 36
12149 B 36 12
12153 C 20 12
12155 C 20 14
12157 C 21 12
12160 C 21 15
12161 C 22 12
12165 C 23 12
12169 A 20 0
12170 A 21 0
12171 A 22 0
12173 B 0 16
12178 A 21 1
12181 B 1 16
12187 A 22 2
12189 B 2 16
12197 B 3 16
12201 A 20 4
12205 B 4 16
12206 B 4 17
12210 A 21 5
12212 A 23 5
12213 B 5 16
12215 B 5 18
12221 B 6 16
12224 B 6 19
12226 A 21 7
12229 B 7 16
12237 B 8 16
12245 B 9 16
12251 A 22 10
12253 B 10 16
12261 B 11 16
12265 A 20 12
12269 B 12 16
12270 B 12 17
12276 A 23 13
12277 B 13 16
12279 B 13 18
12285 B 14 16
12288 B 14 19
12290 A 21 15
12291 A 22 15
12293 B 15 16
12301 B 16 16
12309 B 17 16
12314 A 21 18
12315 A 22 18
12317 B 18 16
12325 B 19 16
12329 A 20 20
12333 B 20 16
12334 B 20 17
12337 A 20 21
12340 A 23 21
12341 B 21 16
12343 B 21 18
12346 A 21 22
12349 B 22 16
12352 B 22 19
12354 A 21 23
12357 B 23 16
12365 B 24 16
12373 B 25 16
12379 A 22 26
12381 B 26 16
12389 B 27 16
12393 A 20 28
12397 B 28 16
12398 B 28 17
12404 A 23 29
12405 B 29 16
12407 B 29 18
12413 B 30 16
12416 B 30 19
12418 A 21 31
12421 B 31 16
12427 A 22 32
12429 B 32 16
12437 B 33 16
12443 A 22 34
12445 B 34 16
12450 A 21 35
12453 B 35 16
12457 A 20 36
12461 B 36 16
12462 B 36 17
12465 C 20 16
12469 C 21 16
12473 C 22 16
12477 C 23 16
12478 C 23 17
12481 A 20 0
12484 A 23 0
12485 B 0 20
12486 B 0 21
12490 A 21 1
12493 B 1 20
12495 B 1 22
12499 A 22 2
12501 B 2 20
12504 B 2 23
12508 A 23 3
12509 B 3 20
12513 A 20 4
12517 B 4 20
12522 A 21 5
12524 A 23 5
12525 B 5 20
12533 B 6 20
12538 A 21 7
12541 B 7 20
12545 A 20 8
12549 B 8 20
12550 B 8 21
12557 B 9 20
12559 B 9 22
12563 A 22 10
12565 B 10 20
12568 B 10 23
12573 B 11 20
12577 A 20 12
12581 B 12 20
12588 A 23 13
12589 B 13 20
12597 B 14 20
12605 B 15 20
12612 A 23 16
12613 B 16 20
12614 B 16 21
12621 B 17 20
12623 B 17 22
12626 A 21 18
12627 A 22 18
12629 B 18 20
12632 B 18 23
12635 A 22 19
12637 B 19 20
12641 A 20 20
12645 B 20 20
12649 A 20 21
12652 A 23 21
12653 B 21 20
12658 A 21 22
12661 B 22 20
12666 A 21 23
12669 B 23 20
12677 B 24 20
12678 B 24 21
12681 A 20 25
12685 B 25 20
12687 B 25 22
12691 A 22 26
12693 B 26 20
12696 B 26 23
12701 B 27 20
12705 A 20 28
12709 B 28 20
12716 A 23 29
12717 B 29 20
12725 B 30 20
12730 A 21 31
12733 B 31 20
12741 B 32 20
12742 B 32 21
12748 A 23 33
12749 B 33 20
12751 B 33 22
12755 A 22 34
12757 B 34 20
12760 B 34 23
12762 A 21 35
12765 B 35 20
12769 A 20 36
12773 B 36 20
12777 C 20 20
12779 C 20 22
12781 C 21 20
12784 C 21 23
12785 C 22 20
12789 C 23 20
12793 A 20 0
12796 A 23 0
12797 B 0 24
12805 B 1 24
12811 A 22 2
12813 B 2 24
12820 A 23 3
12821 B 3 24
12825 A 20 4
12829 B 4 24
12830 B 4 25
12834 A 21 5
12836 A 23 5
12837 B 5 24
12839 B 5 26
12843 A 22 6
12845 B 6 24
12848 B 6 27
12850 A 21 7
12853 B 7 24
12857 A 20 8
12861 B 8 24
12869 B 9 24
12875 A 22 10
12877 B 10 24
12885 B 11 24
12889 A 20 12
12893 B 12 24
12894 B 12 25
12900 A 23 13
12901 B 13 24
12903 B 13 26
12909 B 14 24
12912 B 14 27
12914 A 21 15
12917 B 15 24
12924 A 23 16
12925 B 16 24
12933 B 17 24
12939 A 22 18
12941 B 18 24
12947 A 22 19
12949 B 19 24
12953 A 20 20
12956 A 23 20
12957 B 20 24
12958 B 20 25
12961 A 20 21
12964 A 23 21
12965 B 21 24
12967 B 21 26
12970 A 21 22
12973 B 22 24
12976 B 22 27
12978 A 21 23
12979 A 22 23
12981 B 23 24
12989 B 24 24
12993 A 20 25
12997 B 25 24
13003 A 22 26
13005 B 26 24
13013 B 27 24
13017 A 20 28
13021 B 28 24
13022 B 28 25
13028 A 23 29
13029 B 29 24
13031 B 29 26
13037 B 30 24
13040 B 30 27
13042 A 21 31
13045 B 31 24
13053 B 32 24
13060 A 23 33
13061 B 33 24
13067 A 22 34
13069 B 34 24
13077 B 35 24
13081 A 20 36
13083 A 22 36
13085 B 36 24
13086 B 36 25
13089 C 20 24
13093 C 21 24
13097 C 22 24
13101 C 23 24
13102 C 23 25
13105 A 24 0
13106 A 25 0
13107 A 26 0
13108 A 27 0
13109 B 0 0
13113 A 24 1
13116 A 27 1
13117 B 1 0
13122 A 25 2
13125 B 2 0
13130 A 25 3
13133 B 3 0
13141 B 4 0
13142 B 4 1
13145 A 24 5
13149 B 5 0
13151 B 5 2
13155 A 26 6
13157 B 6 0
13160 B 6 3
13165 B 7 0
13169 A 24 8
13173 B 8 0
13180 A 27 9
13181 B 9 0
13189 B 10 0
13194 A 25 11
13197 B 11 0
13205 B 12 0
13206 B 12 1
13212 A 27 13
13213 B 13 0
13215 B 13 2
13219 A 26 14
13221 B 14 0
13224 B 14 3
13226 A 25 15
13229 B 15 0
13233 A 24 16
13237 B 16 0
13244 A 27 17
13245 B 17 0
13249 A 24 18
13253 B 18 0
13258 A 25 19
13261 B 19 0
13269 B 20 0
13270 B 20 1
13277 B 21 0
13279 B 21 2
13281 A 24 22
13283 A 26 22
13285 B 22 0
13288 B 22 3
13293 B 23 0
13297 A 24 24
13301 B 24 0
13308 A 27 25
13309 B 25 0
13316 A 27 26
13317 B 26 0
13322 A 25 27
13325 B 27 0
13333 B 28 0
13334 B 28 1
13339 A 26 29
13341 B 29 0
13343 B 29 2
13347 A 26 30
13348 A 27 30
13349 B 30 0
13352 B 30 3
13357 B 31 0
13361 A 24 32
13362 A 25 32
13365 B 32 0
13372 A 27 33
13373 B 33 0
13381 B 34 0
13385 A 24 35
13386 A 25 35
13389 B 35 0
13397 B 36 0
13398 B 36 1
13401 C 24 0
13403 C 24 2
13405 C 25 0
13408 C 25 3
13409 C 26 0
13413 C 27 0
13417 A 24 0
13418 A 25 0
13420 A 27 0
13421 B 0 4
13422 B 0 5
13425 A 24 1
13428 A 27 1
13429 B 1 4
13431 B 1 6
13434 A 25 2
13437 B 2 4
13440 B 2 7
13442 A 25 3
13443 A 26 3
13445 B 3 4
13453 B 4 4
13457 A 24 5
13461 B 5 4
13467 A 26 6
13469 B 6 4
13477 B 7 4
13481 A 24 8
13485 B 8 4
13486 B 8 5
13492 A 27 9
13493 B 9 4
13495 B 9 6
13501 B 10 4
13504 B 10 7
13506 A 25 11
13509 B 11 4
13517 B 12 4
13524 A 27 13
13525 B 13 4
13531 A 26 14
13533 B 14 4
13541 B 15 4
13545 A 24 16
13547 A 26 16
13549 B 16 4
13550 B 16 5
13556 A 27 17
13557 B 17 4
13559 B 17 6
13561 A 24 18
13565 B 18 4
13568 B 18 7
13570 A 25 19
13573 B 19 4
13581 B 20 4
13589 B 21 4
13593 A 24 22
13595 A 26 22
13597 B 22 4
13605 B 23 4
13609 A 24 24
13613 B 24 4
13614 B 24 5
13620 A 27 25
13621 B 25 4
13623 B 25 6
13628 A 27 26
13629 B 26 4
13632 B 26 7
13634 A 25 27
13637 B 27 4
13645 B 28 4
13653 B 29 4
13659 A 26 30
13660 A 27 30
13661 B 30 4
13669 B 31 4
13673 A 24 32
13677 B 32 4
13678 B 32 5
13683 A 26 33
13684 A 27 33
13685 B 33 4
13687 B 33 6
13693 B 34 4
13696 B 34 7
13697 A 24 35
13698 A 25 35
13701 B 35 4
13709 B 36 4
13713 C 24 4
13717 C 25 4
13721 C 26 4
13725 C 27 4
13726 C 27 5
13729 A 24 0
13731 A 26 0
13732 A 27 0
13733 B 0 8
13740 A 27 1
13741 B 1 8
13749 B 2 8
13754 A 25 3
13755 A 26 3
13757 B 3 8
13765 B 4 8
13766 B 4 9
13769 A 24 5
13773 B 5 8
13775 B 5 10
13778 A 25 6
13779 A 26 6
13781 B 6 8
13784 B 6 11
13789 B 7 8
13793 A 24 8
13797 B 8 8
13804 A 27 9
13805 B 9 8
13813 B 10 8
13818 A 25 11
13821 B 11 8
13829 B 12 8
13830 B 12 9
13836 A 27 13
13837 B 13 8
13839 B 13 10
13845 B 14 8
13848 B 14 11
13853 B 15 8
13857 A 24 16
13859 A 26 16
13861 B 16 8
13868 A 27 17
13869 B 17 8
13877 B 18 8
13882 A 25 19
13885 B 19 8
13891 A 26 20
13893 B 20 8
13894 B 20 9
13901 B 21 8
13903 B 21 10
13905 A 24 22
13907 A 26 22
13909 B 22 8
13912 B 22 11
13914 A 25 23
13917 B 23 8
13921 A 24 24
13925 B 24 8
13932 A 27 25
13933 B 25 8
13941 B 26 8
13946 A 25 27
13949 B 27 8
13957 B 28 8
13958 B 28 9
13965 B 29 8
13967 B 29 10
13971 A 26 30
13972 A 27 30
13973 B 30 8
13976 B 30 11
13981 B 31 8
13985 A 24 32
13989 B 32 8
13995 A 26 33
13996 A 27 33
13997 B 33 8
14005 B 34 8
14010 A 25 35
14013 B 35 8
14018 A 25 36
14021 B 36 8
14022 B 36 9
14025 C 24 8
14027 C 24 10
14029 C 25 8
14032 C 25 11
14033 C 26 8
14037 C 27 8
14041 A 24 0
14043 A 26 0
14044 A 27 0
14045 B 0 12
14046 B 0 13
14052 A 27 1
14053 B 1 12
14055 B 1 14
14061 B 2 12
14064 B 2 15
14066 A 25 3
14067 A 26 3
14069 B 3 12
14077 B 4 12
14085 B 5 12
14090 A 25 6
14091 A 26 6
14093 B 6 12
14101 B 7 12
14105 A 24 8
14109 B 8 12
14110 B 8 13
14113 A 24 9
14116 A 27 9
14117 B 9 12
14119 B 9 14
14122 A 25 10
14125 B 10 12
14128 B 10 15
14130 A 25 11
14133 B 11 12
14141 B 12 12
14149 B 13 12
14157 B 14 12
14165 B 15 12
14169 A 24 16
14173 B 16 12
14174 B 16 13
14180 A 27 17
14181 B 17 12
14183 B 17 14
14189 B 18 12
14192 B 18 15
14194 A 25 19
14197 B 19 12
14203 A 26 20
14205 B 20 12
14213 B 21 12
14219 A 26 22
14221 B 22 12
14226 A 25 23
14229 B 23 12
14233 A 24 24
14237 B 24 12
14238 B 24 13
14244 A 27 25
14245 B 25 12
14247 B 25 14
14249 A 24 26
14253 B 26 12
14256 B 26 15
14258 A 25 27
14261 B 27 12
14269 B 28 12
14277 B 29 12
14283 A 26 30
14285 B 30 12
14293 B 31 12
14297 A 24 32
14301 B 32 12
14302 B 32 13
14307 A 26 33
14308 A 27 33
14309 B 33 12
14311 B 33 14
14316 A 27 34
14317 B 34 12
14320 B 34 15
14322 A 25 35
14325 B 35 12
14330 A 25 36
14333 B 36 12
14337 C 24 12
14341 C 25 12
14345 C 26 12
14349 C 27 12
14350 C 27 13
14353 A 24 0
14355 A 26 0
14356 A 27 0
14357 B 0 16
14364 A 27 1
14365 B 1 16
14373 B 2 16
14378 A 25 3
14381 B 3 16
14388 A 27 4
14389 B 4 16
14390 B 4 17
14397 B 5 16
14399 B 5 18
14402 A 25 6
14403 A 26 6
14405 B 6 16
14408 B 6 19
14411 A 26 7
14413 B 7 16
14417 A 24 8
14421 B 8 16
14425 A 24 9
14428 A 27 9
14429 B 9 16
14434 A 25 10
14437 B 10 16
14442 A 25 11
14445 B 11 16
14453 B 12 16
14454 B 12 17
14457 A 24 13
14461 B 13 16
14463 B 13 18
14467 A 26 14
14469 B 14 16
14472 B 14 19
14477 B 15 16
14481 A 24 16
14485 B 16 16
14492 A 27 17
14493 B 17 16
14501 B 18 16
14506 A 25 19
14509 B 19 16
14517 B 20 16
14518 B 20 17
14524 A 27 21
14525 B 21 16
14527 B 21 18
14531 A 26 22
14533 B 22 16
14536 B 22 19
14538 A 25 23
14541 B 23 16
14545 A 24 24
14549 B 24 16
14556 A 27 25
14557 B 25 16
14561 A 24 26
14565 B 26 16
14570 A 25 27
14573 B 27 16
14581 B 28 16
14582 B 28 17
14589 B 29 16
14591 B 29 18
14593 A 24 30
14595 A 26 30
14597 B 30 16
14600 B 30 19
14605 B 31 16
14609 A 24 32
14613 B 32 16
14620 A 27 33
14621 B 33 16
14628 A 27 34
14629 B 34 16
14634 A 25 35
14637 B 35 16
14645 B 36 16
14646 B 36 17
14649 C 24 16
14651 C 24 18
14653 C 25 16
14656 C 25 19
14657 C 26 16
14661 C 27 16
14665 A 24 0
14668 A 27 0
14669 B 0 20
14670 B 0 21
14676 A 27 1
14677 B 1 20
14679 B 1 22
14685 B 2 20
14688 B 2 23
14690 A 25 3
14693 B 3 20
14700 A 27 4
14701 B 4 20
14709 B 5 20
14715 A 26 6
14717 B 6 20
14723 A 26 7
14725 B 7 20
14729 A 24 8
14732 A 27 8
14733 B 8 20
14734 B 8 21
14737 A 24 9
14740 A 27 9
14741 B 9 20
14743 B 9 22
14746 A 25 10
14749 B 10 20
14752 B 10 23
14754 A 25 11
14755 A 26 11
14757 B 11 20
14765 B 12 20
14769 A 24 13
14773 B 13 20
14779 A 26 14
14781 B 14 20
14789 B 15 20
14793 A 24 16
14797 B 16 20
14798 B 16 21
14804 A 27 17
14805 B 17 20
14807 B 17 22
14813 B 18 20
14816 B 18 23
14818 A 25 19
14821 B 19 20
14829 B 20 20
14836 A 27 21
14837 B 21 20
14843 A 26 22
14845 B 22 20
14853 B 23 20
14857 A 24 24
14859 A 26 24
14861 B 24 20
14862 B 24 21
14868 A 27 25
14869 B 25 20
14871 B 25 22
14873 A 24 26
14877 B 26 20
14880 B 26 23
14882 A 25 27
14885 B 27 20
14893 B 28 20
14901 B 29 20
14905 A 24 30
14907 A 26 30
14909 B 30 20
14917 B 31 20
14921 A 24 32
14925 B 32 20
14926 B 32 21
14932 A 27 33
14933 B 33 20
14935 B 33 22
14940 A 27 34
14941 B 34 20
14944 B 34 23
14946 A 25 35
14949 B 35 20
14957 B 36 20
14961 C 24 20
14965 C 25 20
14969 C 26 20
14973 C 27 20
14974 C 27 21
14977 A 24 0
14981 B 0 24
14988 A 27 1
14989 B 1 24
14997 B 2 24
15002 A 25 3
15005 B 3 24
15013 B 4 24
15014 B 4 25
15021 B 5 24
15023 B 5 26
15027 A 26 6
15029 B 6 24
15032 B 6 27
15035 A 26 7
15037 B 7 24
15041 A 24 8
15044 A 27 8
15045 B 8 24
15052 A 27 9
15053 B 9 24
15061 B 10 24
15066 A 25 11
15067 A 26 11
15069 B 11 24
15077 B 12 24
15078 B 12 25
15081 A 24 13
15085 B 13 24
15087 B 13 26
15090 A 25 14
15091 A 26 14
15093 B 14 24
15096 B 14 27
15101 B 15 24
15105 A 24 16
15109 B 16 24
15116 A 27 17
15117 B 17 24
15125 B 18 24
15130 A 25 19
15133 B 19 24
15141 B 20 24
15142 B 20 25
15148 A 27 21
15149 B 21 24
15151 B 21 26
15157 B 22 24
15160 B 22 27
15165 B 23 24
15169 A 24 24
15171 A 26 24
15173 B 24 24
15180 A 27 25
15181 B 25 24
15189 B 26 24
15194 A 25 27
15197 B 27 24
15203 A 26 28
15205 B 28 24
15206 B 28 25
15213 B 29 24
15215 B 29 26
15217 A 24 30
15219 A 26 30
15221 B 30 24
15224 B 30 27
15226 A 25 31
15229 B 31 24
15233 A 24 32
15237 B 32 24
15244 A 27 33
15245 B 33 24
15253 B 34 24
15258 A 25 35
15261 B 35 24
15269 B 36 24
15270 B 36 25
15273 C 24 24
15275 C 24 26
15277 C 25 24
15280 C 25 27
15281 C 26 24
15285 C 27 24
15290 A 29 0
15291 A 30 0
15292 B 0 0
15297 B 0 5
15301 B 1 0
15309 A 30 2
15310 B 2 0
15319 B 3 0
15325 A 28 4
15327 A 30 4
15328 B 4 0
15329 B 4 1
15337 B 5 0
15339 B 5 2
15343 A 28 6
15346 B 6 0
15349 B 6 3
15353 A 29 7
15355 B 7 0
15359 B 7 4
15363 A 30 8
15364 B 8 0
15369 B 8 5
15373 B 9 0
15379 A 28 10
15381 A 30 10
15382 B 10 0
15391 B 11 0
15397 A 28 12
15400 B 12 0
15401 B 12 1
15409 B 13 0
15411 B 13 2
15418 B 14 0
15421 B 14 3
15425 A 29 15
15431 B 15 4
15436 B 16 0
15441 B 16 5
15445 B 17 0
15453 A 30 18
15454 B 18 0
15463 B 19 0
15469 A 28 20
15472 B 20 0
15473 B 20 1
15480 A 30 21
15481 B 21 0
15483 B 21 2
15490 B 22 0
15493 B 22 3
15496 A 28 23
15497 A 29 23
15499 B 23 0
15503 B 23 4
15506 A 29 24
15508 B 24 0
15513 B 24 5
15516 A 30 25
15517 B 25 0
15525 A 30 26
15526 B 26 0
15532 A 28 27
15535 B 27 0
15541 A 28 28
15544 B 28 0
15545 B 28 1
15553 B 29 0
15555 B 29 2
15562 B 30 0
15565 B 30 3
15569 A 29 31
15571 B 31 0
15575 B 31 4
15580 B 32 0
15585 B 32 5
15589 B 33 0
15597 A 30 34
15598 B 34 0
15607 B 35 0
15613 A 28 36
15616 B 36 0
15617 B 36 1
15622 C 28 0
15628 C 29 0
15634 C 30 0
15640 A 28 0
15642 A 30 0
15643 B 0 6
15652 B 1 6
15660 A 30 2
15661 B 2 6
15662 B 2 7
15670 B 3 6
15672 B 3 8
15676 A 28 4
15678 A 30 4
15679 B 4 6
15682 B 4 9
15688 B 5 6
15692 B 5 10
15697 B 6 6
15702 B 6 11
15704 A 29 7
15706 B 7 6
15714 A 30 8
15715 B 8 6
15724 B 9 6
15732 A 30 10
15733 B 10 6
15734 B 10 7
15740 A 29 11
15742 B 11 6
15744 B 11 8
15748 A 28 12
15751 B 12 6
15754 B 12 9
15760 B 13 6
15764 B 13 10
15766 A 28 14
15769 B 14 6
15774 B 14 11
15776 A 29 15
15778 B 15 6
15787 B 16 6
15796 B 17 6
15805 B 18 6
15806 B 18 7
15814 B 19 6
15816 B 19 8
15820 A 28 20
15823 B 20 6
15826 B 20 9
15831 A 30 21
15832 B 21 6
15836 B 21 10
15841 B 22 6
15846 B 22 11
15848 A 29 23
15850 B 23 6
15857 A 29 24
15859 B 24 6
15867 A 30 25
15868 B 25 6
15876 A 30 26
15877 B 26 6
15878 B 26 7
15883 A 28 27
15886 B 27 6
15888 B 27 8
15892 A 28 28
15893 A 29 28
15895 B 28 6
15898 B 28 9
15904 B 29 6
15908 B 29 10
15913 B 30 6
15918 B 30 11
15919 A 28 31
15920 A 29 31
15922 B 31 6
15931 B 32 6
15940 B 33 6
15948 A 30 34
15949 B 34 6
15950 B 34 7
15958 B 35 6
15960 B 35 8
15964 A 28 36
15967 B 36 6
15970 B 36 9
15973 C 28 6
15979 C 29 6
15980 C 29 7
15985 C 30 6
15987 C 30 8
15991 A 28 0
15994 B 0 12
15995 B 0 13
16000 A 28 1
16003 B 1 12
16005 B 1 14
16011 A 30 2
16012 B 2 12
16015 B 2 15
16021 B 3 12
16025 B 3 16
16027 A 28 4
16030 B 4 12
16035 B 4 17
16039 B 5 12
16048 B 6 12
16055 A 29 7
16057 B 7 12
16066 B 8 12
16067 B 8 13
16075 B 9 12
16077 B 9 14
16083 A 30 10
16084 B 10 12
16087 B 10 15
16091 A 29 11
16093 B 11 12
16097 B 11 16
16099 A 28 12
16101 A 30 12
16102 B 12 12
16107 B 12 17
16111 B 13 12
16117 A 28 14
16120 B 14 12
16127 A 29 15
16129 B 15 12
16138 B 16 12
16139 B 16 13
16147 B 17 12
16149 B 17 14
16153 A 28 18
16155 A 30 18
16156 B 18 12
16159 B 18 15
16165 B 19 12
16169 B 19 16
16171 A 28 20
16174 B 20 12
16179 B 20 17
16183 B 21 12
16192 B 22 12
16199 A 29 23
16201 B 23 12
16210 B 24 12
16211 B 24 13
16218 A 30 25
16219 B 25 12
16221 B 25 14
16227 A 30 26
16228 B 26 12
16231 B 26 15
16237 B 27 12
16241 B 27 16
16243 A 28 28
16244 A 29 28
16246 B 28 12
16251 B 28 17
16254 A 30 29
16255 B 29 12
16264 B 30 12
16270 A 28 31
16271 A 29 31
16273 B 31 12
16282 B 32 12
16283 B 32 13
16291 B 33 12
16293 B 33 14
16299 A 30 34
16300 B 34 12
16303 B 34 15
16306 A 28 35
16309 B 35 12
16313 B 35 16
16315 A 28 36
16318 B 36 12
16323 B 36 17
16324 C 28 12
16326 C 28 14
16330 C 29 12
16333 C 29 15
16336 C 30 12
16340 C 30 16
16342 A 28 0
16345 B 0 18
16348 B 0 21
16351 A 28 1
16354 B 1 18
16358 B 1 22
16361 A 29 2
16362 A 30 2
16363 B 2 18
16368 B 2 23
16372 B 3 18
16378 A 28 4
16381 B 4 18
16390 B 5 18
16399 B 6 18
16400 B 6 19
16406 A 29 7
16408 B 7 18
16410 B 7 20
16417 B 8 18
16420 B 8 21
16426 B 9 18
16430 B 9 22
16434 A 30 10
16435 B 10 18
16440 B 10 23
16444 B 11 18
16452 A 30 12
16453 B 12 18
16462 B 13 18
16471 B 14 18
16472 B 14 19
16478 A 29 15
16480 B 15 18
16482 B 15 20
16488 A 30 16
16489 B 16 18
16492 B 16 21
16498 B 17 18
16502 B 17 22
16504 A 28 18
16506 A 30 18
16507 B 18 18
16512 B 18 23
16514 A 29 19
16516 B 19 18
16522 A 28 20
16525 B 20 18
16534 B 21 18
16543 B 22 18
16544 B 22 19
16550 A 29 23
16552 B 23 18
16554 B 23 20
16561 B 24 18
16564 B 24 21
16570 B 25 18
16574 B 25 22
16578 A 30 26
16579 B 26 18
16584 B 26 23
16588 B 27 18
16594 A 28 28
16597 B 28 18
16605 A 30 29
16606 B 29 18
16615 B 30 18
16616 B 30 19
16621 A 28 31
16622 A 29 31
16624 B 31 18
16626 B 31 20
16631 A 29 32
16633 B 32 18
16636 B 32 21
16641 A 30 33
16642 B 33 18
16646 B 33 22
16650 A 30 34
16651 B 34 18
16656 B 34 23
16657 A 28 35
16660 B 35 18
16666 A 28 36
16669 B 36 18
16675 C 28 18
16679 C 28 22
16681 C 29 18
16686 C 29 23
16687 C 30 18
16693 A 28 0
16696 B 0 24
16701 B 0 29
16705 B 1 24
16712 A 29 2
16713 A 30 2
16714 B 2 24
16723 B 3 24
16729 A 28 4
16732 B 4 24
16733 B 4 25
16738 A 28 5
16741 B 5 24
16743 B 5 26
16748 A 29 6
16750 B 6 24
16753 B 6 27
16757 A 29 7
16759 B 7 24
16763 B 7 28
16768 B 8 24
16773 B 8 29
16774 A 28 9
16777 B 9 24
16786 B 10 24
16795 B 11 24
16801 A 28 12
16804 B 12 24
16805 B 12 25
16813 B 13 24
16815 B 13 26
16822 B 14 24
16825 B 14 27
16829 A 29 15
16831 B 15 24
16835 B 15 28
16839 A 30 16
16840 B 16 24
16845 B 16 29
16849 B 17 24
16857 A 30 18
16858 B 18 24
16865 A 29 19
16867 B 19 24
16873 A 28 20
16876 B 20 24
16877 B 20 25
16885 B 21 24
16887 B 21 26
16891 A 28 22
16894 B 22 24
16897 B 22 27
16901 A 29 23
16903 B 23 24
16907 B 23 28
16912 B 24 24
16917 B 24 29
16921 B 25 24
16929 A 30 26
16930 B 26 24
16939 B 27 24
16945 A 28 28
16948 B 28 24
16949 B 28 25
16956 A 30 29
16957 B 29 24
16959 B 29 26
16966 B 30 24
16969 B 30 27
16973 A 29 31
16975 B 31 24
16979 B 31 28
16982 A 29 32
16984 B 32 24
16989 B 32 29
16992 A 30 33
16993 B 33 24
17001 A 30 34
17002 B 34 24
17011 B 35 24
17017 A 28 36
17018 A 29 36
17020 B 36 24
17021 B 36 25
17026 C 28 24
17032 C 29 24
17038 C 30 24
17044 A 0 0
17045 A 1 0
17046 A 2 0
17047 A 3 0
17048 A 4 0
17049 B 0 28
17050 B 0 29
17052 A 5 0
17056 A 3 1
17057 A 4 1
17058 B 1 28
17060 B 1 30
17061 A 5 1
17067 B 2 28
17072 A 1 3
17076 B 3 28
17083 A 3 4
17084 A 4 4
17085 B 4 28
17094 B 5 28
17100 A 2 6
17103 B 6 28
17109 A 2 7
17112 B 7 28
17115 A 5 7
17116 A 0 8
17119 A 3 8
17121 B 8 28
17122 B 8 29
17125 A 0 9
17128 A 3 9
17130 B 9 28
17132 B 9 30
17135 A 1 10
17139 B 10 28
17144 A 1 11
17148 B 11 28
17156 A 4 12
17157 B 12 28
17161 A 0 13
17166 B 13 28
17172 A 2 14
17175 B 14 28
17184 B 15 28
17187 A 5 15
17188 A 0 16
17193 B 16 28
17194 B 16 29
17200 A 3 17
17202 B 17 28
17204 B 17 30
17210 A 4 18
17211 B 18 28
17216 A 1 19
17220 B 19 28
17228 A 4 20
17229 B 20 28
17236 A 3 21
17238 B 21 28
17244 A 2 22
17247 B 22 28
17256 B 23 28
17259 A 5 23
17260 A 0 24
17262 A 2 24
17265 B 24 28
17266 B 24 29
17272 A 3 25
17274 B 25 28
17276 B 25 30
17278 A 0 26
17283 B 26 28
17288 A 1 27
17292 B 27 28
17300 A 4 28
17301 B 28 28
17310 B 29 28
17314 A 0 30
17316 A 2 30
17319 B 30 28
17328 B 31 28
17331 A 5 31
17332 A 0 32
17337 B 32 28
17338 B 32 29
17344 A 3 33
17346 B 33 28
17348 B 33 30
17353 A 3 34
17355 B 34 28
17360 A 1 35
17363 A 4 35
17364 B 35 28
17372 A 4 36
17373 B 36 28
17377 C 0 28
17380 C 1 28
17383 C 2 28
17386 C 3 28
17387 C 3 29
17389 C 4 28
17391 C 4 30
17392 C 5 28
17396 A 7 0
17397 A 8 0
17398 A 9 0
17399 A 10 0
17400 B 0 28
17401 B 0 29
17403 A 11 0
17409 B 1 28
17411 B 1 30
17412 A 11 1
17413 A 6 2
17418 B 2 28
17425 A 9 3
17427 B 3 28
17435 A 10 4
17436 B 4 28
17441 A 7 5
17445 B 5 28
17453 A 10 6
17454 B 6 28
17461 A 9 7
17463 B 7 28
17469 A 8 8
17472 B 8 28
17473 B 8 29
17477 A 7 9
17481 B 9 28
17483 B 9 30
17484 A 11 9
17485 A 6 10
17487 A 8 10
17490 B 10 28
17497 A 9 11
17499 B 11 28
17503 A 6 12
17508 B 12 28
17513 A 7 13
17517 B 13 28
17525 A 10 14
17526 B 14 28
17535 B 15 28
17539 A 6 16
17541 A 8 16
17544 B 16 28
17545 B 16 29
17552 A 10 17
17553 B 17 28
17555 B 17 30
17556 A 11 17
17557 A 6 18
17562 B 18 28
17569 A 9 19
17571 B 19 28
17578 A 9 20
17580 B 20 28
17585 A 7 21
17588 A 10 21
17589 B 21 28
17597 A 10 22
17598 B 22 28
17607 B 23 28
17613 A 8 24
17614 A 9 24
17616 B 24 28
17617 B 24 29
17625 B 25 28
17627 B 25 30
17628 A 11 25
17629 A 6 26
17630 A 7 26
17634 B 26 28
17641 A 9 27
17643 B 27 28
17652 B 28 28
17656 A 6 29
17657 A 7 29
17661 B 29 28
17669 A 10 30
17670 B 30 28
17679 B 31 28
17685 A 8 32
17688 B 32 28
17689 B 32 29
17692 A 6 33
17697 B 33 28
17699 B 33 30
17700 A 11 33
17701 A 6 34
17705 A 10 34
17706 B 34 28
17713 A 9 35
17715 B 35 28
17724 B 36 28
17728 C 6 28
17731 C 7 28
17734 C 8 28
17737 C 9 28
17740 C 10 28
17743 C 11 28
17744 C 11 29
17747 A 13 0
17748 A 14 0
17749 A 15 0
17750 A 16 0
17751 B 0 28
17752 B 0 29
17754 A 17 0
17760 B 1 28
17762 B 1 30
17764 A 12 2
17766 A 14 2
17769 B 2 28
17777 A 16 3
17778 B 3 28
17781 A 17 3
17782 A 12 4
17787 B 4 28
17794 A 15 5
17796 B 5 28
17803 A 15 6
17805 B 6 28
17810 A 13 7
17813 A 16 7
17814 B 7 28
17822 A 16 8
17823 B 8 28
17824 B 8 29
17829 A 14 9
17832 B 9 28
17834 B 9 30
17838 A 14 10
17839 A 15 10
17841 B 10 28
17850 B 11 28
17853 A 17 11
17854 A 12 12
17855 A 13 12
17859 B 12 28
17866 A 15 13
17868 B 13 28
17877 B 14 28
17881 A 12 15
17882 A 13 15
17886 B 15 28
17894 A 16 16
17895 B 16 28
17896 B 16 29
17898 A 17 16
17904 B 17 28
17906 B 17 30
17910 A 14 18
17913 B 18 28
17922 B 19 28
17925 A 17 19
17926 A 12 20
17930 A 16 20
17931 B 20 28
17938 A 15 21
17940 B 21 28
17949 B 22 28
17954 A 13 23
17956 A 15 23
17958 B 23 28
17966 A 16 24
17967 B 24 28
17968 B 24 29
17972 A 13 25
17976 B 25 28
17978 B 25 30
17982 A 14 26
17985 B 26 28
17994 B 27 28
17997 A 17 27
17998 A 12 28
18003 B 28 28
18008 A 13 29
18010 A 15 29
18012 B 29 28
18021 B 30 28
18026 A 13 31
18030 B 31 28
18034 A 12 32
18038 A 16 32
18039 B 32 28
18040 B 32 29
18047 A 16 33
18048 B 33 28
18050 B 33 30
18051 A 17 33
18054 A 14 34
18057 B 34 28
18066 B 35 28
18069 A 17 35
18070 A 12 36
18075 B 36 28
18079 C 12 28
18081 C 12 30
18082 C 13 28
18085 C 14 28
18088 C 15 28
18091 C 16 28
18094 C 17 28
18098 A 19 0
18099 A 20 0
18100 A 21 0
18101 A 22 0
18102 B 0 28
18103 B 0 29
18105 A 23 0
18106 A 18 1
18107 A 19 1
18111 B 1 28
18113 B 1 30
18119 A 22 2
18120 B 2 28
18123 A 23 2
18129 B 3 28
18135 A 20 4
18138 B 4 28
18147 B 5 28
18150 A 23 5
18151 A 18 6
18155 A 22 6
18156 B 6 28
18163 A 21 7
18165 B 7 28
18174 B 8 28
18175 B 8 29
18179 A 19 9
18181 A 21 9
18183 B 9 28
18185 B 9 30
18191 A 22 10
18192 B 10 28
18197 A 19 11
18201 B 11 28
18207 A 20 12
18210 B 12 28
18219 B 13 28
18222 A 23 13
18223 A 18 14
18228 B 14 28
18233 A 19 15
18235 A 21 15
18237 B 15 28
18246 B 16 28
18247 B 16 29
18251 A 19 17
18255 B 17 28
18257 B 17 30
18259 A 18 18
18263 A 22 18
18264 B 18 28
18272 A 22 19
18273 B 19 28
18276 A 23 19
18279 A 20 20
18282 B 20 28
18291 B 21 28
18294 A 23 21
18295 A 18 22
18300 B 22 28
18307 A 21 23
18308 A 22 23
18309 B 23 28
18318 B 24 28
18319 B 24 29
18323 A 19 25
18324 A 20 25
18327 B 25 28
18329 B 25 30
18334 A 21 26
18335 A 22 26
18336 B 26 28
18345 B 27 28
18350 A 19 28
18351 A 20 28
18354 B 28 28
18363 B 29 28
18366 A 23 29
18367 A 18 30
18372 B 30 28
18376 A 18 31
18379 A 21 31
18381 B 31 28
18386 A 19 32
18390 B 32 28
18391 B 32 29
18393 A 23 32
18395 A 19 33
18399 B 33 28
18401 B 33 30
18407 A 22 34
18408 B 34 28
18417 B 35 28
18423 A 20 36
18425 A 22 36
18426 B 36 28
18429 A 23 36
18430 C 18 28
18433 C 19 28
18434 C 19 29
18436 C 20 28
18438 C 20 30
18439 C 21 28
18442 C 22 28
18445 C 23 28
18448 A 24 0
18449 A 25 0
18450 A 26 0
18451 A 27 0
18452 A 28 0
18453 B 0 28
18454 B 0 29
18456 A 29 0
18458 A 25 1
18460 A 27 1
18462 B 1 28
18464 B 1 30
18465 A 29 1
18471 B 2 28
18476 A 25 3
18480 B 3 28
18488 A 28 4
18489 B 4 28
18497 A 28 5
18498 B 5 28
18501 A 29 5
18504 A 26 6
18507 B 6 28
18516 B 7 28
18519 A 29 7
18520 A 24 8
18525 B 8 28
18526 B 8 29
18532 A 27 9
18533 A 28 9
18534 B 9 28
18536 B 9 30
18543 B 10 28
18548 A 25 11
18549 A 26 11
18552 B 11 28
18560 A 28 12
18561 B 12 28
18570 B 13 28
18575 A 25 14
18576 A 26 14
18579 B 14 28
18588 B 15 28
18591 A 29 15
18592 A 24 16
18597 B 16 28
18598 B 16 29
18601 A 24 17
18604 A 27 17
18606 B 17 28
18608 B 17 30
18611 A 25 18
18615 B 18 28
18618 A 29 18
18620 A 25 19
18624 B 19 28
18632 A 28 20
18633 B 20 28
18642 B 21 28
18648 A 26 22
18650 A 28 22
18651 B 22 28
18654 A 29 22
18660 B 23 28
18663 A 29 23
18664 A 24 24
18669 B 24 28
18670 B 24 29
18676 A 27 25
18678 B 25 28
18680 B 25 30
18686 A 28 26
18687 B 26 28
18692 A 25 27
18696 B 27 28
18702 A 26 28
18704 A 28 28
18705 B 28 28
18714 B 29 28
18720 A 26 30
18723 B 30 28
18728 A 25 31
18732 B 31 28
18735 A 29 31
18736 A 24 32
18741 B 32 28
18742 B 32 29
18748 A 27 33
18750 B 33 28
18752 B 33 30
18754 A 24 34
18759 B 34 28
18764 A 25 35
18768 B 35 28
18771 A 29 35
18776 A 28 36
18777 B 36 28
18781 C 24 28
18784 C 25 28
18787 C 26 28
18790 C 27 28
18791 C 27 29
18793 C 28 28
18795 C 28 30
18796 C 29 28
18799 A 30 0
18800 B 0 30
18802 B 1 30
18803 A 30 2
18804 B 2 30
18806 B 3 30
18808 B 4 30
18810 B 5 30
18812 B 6 30
18814 B 7 30
18816 B 8 30
18818 B 9 30
18819 A 30 10
18820 B 10 30
18822 B 11 30
18824 B 12 30
18826 B 13 30
18828 B 14 30
18830 B 15 30
18832 B 16 30
18834 B 17 30
18835 A 30 18
18836 B 18 30
18838 B 19 30
18840 B 20 30
18842 B 21 30
18844 B 22 30
18846 B 23 30
18848 B 24 30
18850 B 25 30
18851 A 30 26
18852 B 26 30
18854 B 27 30
18856 B 28 30
18858 B 29 30
18860 B 30 30
18862 B 31 30
18864 B 32 30
18866 B 33 30
18867 A 30 34
18868 B 34 30
18870 B 35 30
18872 B 36 30
18873 C 30 30
hits:13589 misses:5284 evictions:5268
